
Detailed
 ==================== 
Variable,Value,Unit,Category,Channel,Collection,Depth,Distance,Level,Radius,Time,Type,FilamentID,ID,
Dendrite Area,173.821,um^2,Dendrite,,,0,,1,,1,,100000000,600000000,
Dendrite Branch Depth,0,,Dendrite,,,0,,1,,1,,100000000,600000000,
Dendrite Branch Level,1,,Dendrite,,,0,,1,,1,,100000000,600000000,
Dendrite Branching Angle,0,°,Dendrite,,,0,,1,,1,,100000000,600000000,
Dendrite Branching Angle B,0,°,Dendrite,,,0,,1,,1,,100000000,600000000,
Dendrite Length,78.5984,um,Dendrite,,,0,,1,,1,,100000000,600000000,
Dendrite Mean Diameter,0.703943,um,Dendrite,,,0,,1,,1,,100000000,600000000,
Dendrite No. Spines,2,,Dendrite,,,0,,1,,1,,100000000,600000000,
Dendrite Orientation Angle,73.1677,°,Dendrite,,,0,,1,,1,,100000000,600000000,
Dendrite Position X,17.7888,um,Dendrite,,Dendrite Position,0,,1,,1,,100000000,600000000,
Dendrite Position Y,46.8963,um,Dendrite,,Dendrite Position,0,,1,,1,,100000000,600000000,
Dendrite Position Z,0.500002,um,Dendrite,,Dendrite Position,0,,1,,1,,100000000,600000000,
Dendrite Spine Density,0.254458,1/10um,Dendrite,,,0,,1,,1,,100000000,600000000,
Dendrite Straightness,0.935395,,Dendrite,,,0,,1,,1,,100000000,600000000,
Dendrite Time,0,s,Dendrite,,,0,,1,,1,,100000000,600000000,
Dendrite Time Index,1,,Dendrite,,,0,,1,,1,,100000000,600000000,
Dendrite Volume,30.5899,um^3,Dendrite,,,0,,1,,1,,100000000,600000000,
Filament Area (sum),184.277,um^2,Filament,,,,,,,1,,,100000000,
Filament Area (sum),1.40219,um^2,Filament,,,,,,,1,,,100000001,
Filament Area (sum),0,um^2,Filament,,,,,,,1,,,100000002,
Filament Area (sum),0.764211,um^2,Filament,,,,,,,1,,,100000003,
Filament Area (sum),0,um^2,Filament,,,,,,,1,,,100000004,
Filament Area (sum),0.784014,um^2,Filament,,,,,,,1,,,100000005,
Filament Area (sum),0,um^2,Filament,,,,,,,1,,,100000006,
Filament Area (sum),1.92476,um^2,Filament,,,,,,,1,,,100000007,
Filament Area (sum),0,um^2,Filament,,,,,,,1,,,100000008,
Filament Area (sum),0,um^2,Filament,,,,,,,1,,,100000009,
Filament Area (sum),2.28976,um^2,Filament,,,,,,,1,,,100000010,
Filament Area (sum),0.91403,um^2,Filament,,,,,,,1,,,100000011,
Filament Area (sum),2.70421,um^2,Filament,,,,,,,1,,,100000012,
Filament Area (sum),2.27186,um^2,Filament,,,,,,,1,,,100000013,
Filament Area (sum),2.24095,um^2,Filament,,,,,,,1,,,100000014,
Filament Area (sum),4.87665,um^2,Filament,,,,,,,1,,,100000015,
Filament Area (sum),2.32845,um^2,Filament,,,,,,,1,,,100000016,
Filament Area (sum),4.88749,um^2,Filament,,,,,,,1,,,100000017,
Filament Area (sum),0,um^2,Filament,,,,,,,1,,,100000018,
Filament Area (sum),4.38039,um^2,Filament,,,,,,,1,,,100000019,
Filament Area (sum),0,um^2,Filament,,,,,,,1,,,100000020,
Filament Area (sum),0.896859,um^2,Filament,,,,,,,1,,,100000021,
Filament Area (sum),0,um^2,Filament,,,,,,,1,,,100000022,
Filament Area (sum),0.816106,um^2,Filament,,,,,,,1,,,100000023,
Filament Area (sum),0,um^2,Filament,,,,,,,1,,,100000024,
Filament Area (sum),1.63782,um^2,Filament,,,,,,,1,,,100000025,
Filament Area (sum),0,um^2,Filament,,,,,,,1,,,100000026,
Filament Area (sum),0.858925,um^2,Filament,,,,,,,1,,,100000027,
Filament Area (sum),0,um^2,Filament,,,,,,,1,,,100000028,
Filament Area (sum),1.62607,um^2,Filament,,,,,,,1,,,100000029,
Filament Area (sum),0,um^2,Filament,,,,,,,1,,,100000030,
Filament Area (sum),2.27179,um^2,Filament,,,,,,,1,,,100000031,
Filament Area (sum),0,um^2,Filament,,,,,,,1,,,100000032,
Filament Area (sum),3.32247,um^2,Filament,,,,,,,1,,,100000033,
Filament Area (sum),0,um^2,Filament,,,,,,,1,,,100000034,
Filament Area (sum),2.30996,um^2,Filament,,,,,,,1,,,100000035,
Filament Area (sum),0.850762,um^2,Filament,,,,,,,1,,,100000036,
Filament Area (sum),2.51563,um^2,Filament,,,,,,,1,,,100000037,
Filament Area (sum),0.828032,um^2,Filament,,,,,,,1,,,100000038,
Filament Area (sum),2.55384,um^2,Filament,,,,,,,1,,,100000039,
Filament Area (sum),1.73087,um^2,Filament,,,,,,,1,,,100000040,
Filament Area (sum),0.814695,um^2,Filament,,,,,,,1,,,100000041,
Filament Area (sum),0,um^2,Filament,,,,,,,1,,,100000042,
Filament Area (sum),0.872192,um^2,Filament,,,,,,,1,,,100000043,
Filament Area (sum),0,um^2,Filament,,,,,,,1,,,100000044,
Filament Area (sum),0.786001,um^2,Filament,,,,,,,1,,,100000045,
Filament Area (sum),0,um^2,Filament,,,,,,,1,,,100000046,
Filament Area (sum),2.48532,um^2,Filament,,,,,,,1,,,100000047,
Filament Area (sum),0.800367,um^2,Filament,,,,,,,1,,,100000048,
Filament Area (sum),1.16254,um^2,Filament,,,,,,,1,,,100000049,
Filament Area (sum),0,um^2,Filament,,,,,,,1,,,100000050,
Filament Area (sum),0.874519,um^2,Filament,,,,,,,1,,,100000051,
Filament Area (sum),0,um^2,Filament,,,,,,,1,,,100000052,
Filament Area (sum),0.823862,um^2,Filament,,,,,,,1,,,100000053,
Filament Area (sum),0,um^2,Filament,,,,,,,1,,,100000054,
Filament Area (sum),4.37016,um^2,Filament,,,,,,,1,,,100000055,
Filament Area (sum),0.81956,um^2,Filament,,,,,,,1,,,100000056,
Filament Area (sum),1.64176,um^2,Filament,,,,,,,1,,,100000057,
Filament Area (sum),0,um^2,Filament,,,,,,,1,,,100000058,
Filament Area (sum),1.79061,um^2,Filament,,,,,,,1,,,100000059,
Filament Area (sum),0,um^2,Filament,,,,,,,1,,,100000060,
Filament Area (sum),1.6379,um^2,Filament,,,,,,,1,,,100000061,
Filament Area (sum),0,um^2,Filament,,,,,,,1,,,100000062,
Filament Area (sum),1.66273,um^2,Filament,,,,,,,1,,,100000063,
Filament Area (sum),0,um^2,Filament,,,,,,,1,,,100000064,
Filament Area (sum),1.64353,um^2,Filament,,,,,,,1,,,100000065,
Filament Area (sum),0,um^2,Filament,,,,,,,1,,,100000066,
Filament Area (sum),1.54207,um^2,Filament,,,,,,,1,,,100000067,
Filament Area (sum),0.839051,um^2,Filament,,,,,,,1,,,100000068,
Filament Area (sum),1.47149,um^2,Filament,,,,,,,1,,,100000069,
Filament Area (sum),0,um^2,Filament,,,,,,,1,,,100000070,
Filament Area (sum),1.69196,um^2,Filament,,,,,,,1,,,100000071,
Filament Area (sum),0,um^2,Filament,,,,,,,1,,,100000072,
Filament Area (sum),0.795385,um^2,Filament,,,,,,,1,,,100000073,
Filament Area (sum),0,um^2,Filament,,,,,,,1,,,100000074,
Filament Area (sum),0.810785,um^2,Filament,,,,,,,1,,,100000075,
Filament Area (sum),0,um^2,Filament,,,,,,,1,,,100000076,
Filament Area (sum),0.903924,um^2,Filament,,,,,,,1,,,100000077,
Filament Area (sum),0,um^2,Filament,,,,,,,1,,,100000078,
Filament Area (sum),2.44317,um^2,Filament,,,,,,,1,,,100000079,
Filament Area (sum),0,um^2,Filament,,,,,,,1,,,100000080,
Filament Area (sum),0.829736,um^2,Filament,,,,,,,1,,,100000081,
Filament Area (sum),0,um^2,Filament,,,,,,,1,,,100000082,
Filament Area (sum),1.72795,um^2,Filament,,,,,,,1,,,100000083,
Filament Area (sum),0.912868,um^2,Filament,,,,,,,1,,,100000084,
Filament Area (sum),0.931929,um^2,Filament,,,,,,,1,,,100000085,
Filament Area (sum),0,um^2,Filament,,,,,,,1,,,100000086,
Filament Area (sum),0.880461,um^2,Filament,,,,,,,1,,,100000087,
Filament Area (sum),0,um^2,Filament,,,,,,,1,,,100000088,
Filament Dendrite Area (sum),173.821,um^2,Filament,,,,,,,1,,,100000000,
Filament Dendrite Area (sum),0,um^2,Filament,,,,,,,1,,,100000001,
Filament Dendrite Area (sum),0,um^2,Filament,,,,,,,1,,,100000002,
Filament Dendrite Area (sum),0,um^2,Filament,,,,,,,1,,,100000003,
Filament Dendrite Area (sum),0,um^2,Filament,,,,,,,1,,,100000004,
Filament Dendrite Area (sum),0,um^2,Filament,,,,,,,1,,,100000005,
Filament Dendrite Area (sum),0,um^2,Filament,,,,,,,1,,,100000006,
Filament Dendrite Area (sum),0,um^2,Filament,,,,,,,1,,,100000007,
Filament Dendrite Area (sum),0,um^2,Filament,,,,,,,1,,,100000008,
Filament Dendrite Area (sum),0,um^2,Filament,,,,,,,1,,,100000009,
Filament Dendrite Area (sum),0,um^2,Filament,,,,,,,1,,,100000010,
Filament Dendrite Area (sum),0,um^2,Filament,,,,,,,1,,,100000011,
Filament Dendrite Area (sum),0,um^2,Filament,,,,,,,1,,,100000012,
Filament Dendrite Area (sum),0,um^2,Filament,,,,,,,1,,,100000013,
Filament Dendrite Area (sum),0,um^2,Filament,,,,,,,1,,,100000014,
Filament Dendrite Area (sum),0,um^2,Filament,,,,,,,1,,,100000015,
Filament Dendrite Area (sum),0,um^2,Filament,,,,,,,1,,,100000016,
Filament Dendrite Area (sum),0,um^2,Filament,,,,,,,1,,,100000017,
Filament Dendrite Area (sum),0,um^2,Filament,,,,,,,1,,,100000018,
Filament Dendrite Area (sum),0,um^2,Filament,,,,,,,1,,,100000019,
Filament Dendrite Area (sum),0,um^2,Filament,,,,,,,1,,,100000020,
Filament Dendrite Area (sum),0,um^2,Filament,,,,,,,1,,,100000021,
Filament Dendrite Area (sum),0,um^2,Filament,,,,,,,1,,,100000022,
Filament Dendrite Area (sum),0,um^2,Filament,,,,,,,1,,,100000023,
Filament Dendrite Area (sum),0,um^2,Filament,,,,,,,1,,,100000024,
Filament Dendrite Area (sum),0,um^2,Filament,,,,,,,1,,,100000025,
Filament Dendrite Area (sum),0,um^2,Filament,,,,,,,1,,,100000026,
Filament Dendrite Area (sum),0,um^2,Filament,,,,,,,1,,,100000027,
Filament Dendrite Area (sum),0,um^2,Filament,,,,,,,1,,,100000028,
Filament Dendrite Area (sum),0,um^2,Filament,,,,,,,1,,,100000029,
Filament Dendrite Area (sum),0,um^2,Filament,,,,,,,1,,,100000030,
Filament Dendrite Area (sum),0,um^2,Filament,,,,,,,1,,,100000031,
Filament Dendrite Area (sum),0,um^2,Filament,,,,,,,1,,,100000032,
Filament Dendrite Area (sum),0,um^2,Filament,,,,,,,1,,,100000033,
Filament Dendrite Area (sum),0,um^2,Filament,,,,,,,1,,,100000034,
Filament Dendrite Area (sum),0,um^2,Filament,,,,,,,1,,,100000035,
Filament Dendrite Area (sum),0,um^2,Filament,,,,,,,1,,,100000036,
Filament Dendrite Area (sum),0,um^2,Filament,,,,,,,1,,,100000037,
Filament Dendrite Area (sum),0,um^2,Filament,,,,,,,1,,,100000038,
Filament Dendrite Area (sum),0,um^2,Filament,,,,,,,1,,,100000039,
Filament Dendrite Area (sum),0,um^2,Filament,,,,,,,1,,,100000040,
Filament Dendrite Area (sum),0,um^2,Filament,,,,,,,1,,,100000041,
Filament Dendrite Area (sum),0,um^2,Filament,,,,,,,1,,,100000042,
Filament Dendrite Area (sum),0,um^2,Filament,,,,,,,1,,,100000043,
Filament Dendrite Area (sum),0,um^2,Filament,,,,,,,1,,,100000044,
Filament Dendrite Area (sum),0,um^2,Filament,,,,,,,1,,,100000045,
Filament Dendrite Area (sum),0,um^2,Filament,,,,,,,1,,,100000046,
Filament Dendrite Area (sum),0,um^2,Filament,,,,,,,1,,,100000047,
Filament Dendrite Area (sum),0,um^2,Filament,,,,,,,1,,,100000048,
Filament Dendrite Area (sum),0,um^2,Filament,,,,,,,1,,,100000049,
Filament Dendrite Area (sum),0,um^2,Filament,,,,,,,1,,,100000050,
Filament Dendrite Area (sum),0,um^2,Filament,,,,,,,1,,,100000051,
Filament Dendrite Area (sum),0,um^2,Filament,,,,,,,1,,,100000052,
Filament Dendrite Area (sum),0,um^2,Filament,,,,,,,1,,,100000053,
Filament Dendrite Area (sum),0,um^2,Filament,,,,,,,1,,,100000054,
Filament Dendrite Area (sum),0,um^2,Filament,,,,,,,1,,,100000055,
Filament Dendrite Area (sum),0,um^2,Filament,,,,,,,1,,,100000056,
Filament Dendrite Area (sum),0,um^2,Filament,,,,,,,1,,,100000057,
Filament Dendrite Area (sum),0,um^2,Filament,,,,,,,1,,,100000058,
Filament Dendrite Area (sum),0,um^2,Filament,,,,,,,1,,,100000059,
Filament Dendrite Area (sum),0,um^2,Filament,,,,,,,1,,,100000060,
Filament Dendrite Area (sum),0,um^2,Filament,,,,,,,1,,,100000061,
Filament Dendrite Area (sum),0,um^2,Filament,,,,,,,1,,,100000062,
Filament Dendrite Area (sum),0,um^2,Filament,,,,,,,1,,,100000063,
Filament Dendrite Area (sum),0,um^2,Filament,,,,,,,1,,,100000064,
Filament Dendrite Area (sum),0,um^2,Filament,,,,,,,1,,,100000065,
Filament Dendrite Area (sum),0,um^2,Filament,,,,,,,1,,,100000066,
Filament Dendrite Area (sum),0,um^2,Filament,,,,,,,1,,,100000067,
Filament Dendrite Area (sum),0,um^2,Filament,,,,,,,1,,,100000068,
Filament Dendrite Area (sum),0,um^2,Filament,,,,,,,1,,,100000069,
Filament Dendrite Area (sum),0,um^2,Filament,,,,,,,1,,,100000070,
Filament Dendrite Area (sum),0,um^2,Filament,,,,,,,1,,,100000071,
Filament Dendrite Area (sum),0,um^2,Filament,,,,,,,1,,,100000072,
Filament Dendrite Area (sum),0,um^2,Filament,,,,,,,1,,,100000073,
Filament Dendrite Area (sum),0,um^2,Filament,,,,,,,1,,,100000074,
Filament Dendrite Area (sum),0,um^2,Filament,,,,,,,1,,,100000075,
Filament Dendrite Area (sum),0,um^2,Filament,,,,,,,1,,,100000076,
Filament Dendrite Area (sum),0,um^2,Filament,,,,,,,1,,,100000077,
Filament Dendrite Area (sum),0,um^2,Filament,,,,,,,1,,,100000078,
Filament Dendrite Area (sum),0,um^2,Filament,,,,,,,1,,,100000079,
Filament Dendrite Area (sum),0,um^2,Filament,,,,,,,1,,,100000080,
Filament Dendrite Area (sum),0,um^2,Filament,,,,,,,1,,,100000081,
Filament Dendrite Area (sum),0,um^2,Filament,,,,,,,1,,,100000082,
Filament Dendrite Area (sum),0,um^2,Filament,,,,,,,1,,,100000083,
Filament Dendrite Area (sum),0,um^2,Filament,,,,,,,1,,,100000084,
Filament Dendrite Area (sum),0,um^2,Filament,,,,,,,1,,,100000085,
Filament Dendrite Area (sum),0,um^2,Filament,,,,,,,1,,,100000086,
Filament Dendrite Area (sum),0,um^2,Filament,,,,,,,1,,,100000087,
Filament Dendrite Area (sum),0,um^2,Filament,,,,,,,1,,,100000088,
Filament Dendrite Length (sum),78.5984,um,Filament,,,,,,,1,,,100000000,
Filament Dendrite Length (sum),0,um,Filament,,,,,,,1,,,100000001,
Filament Dendrite Length (sum),0,um,Filament,,,,,,,1,,,100000002,
Filament Dendrite Length (sum),0,um,Filament,,,,,,,1,,,100000003,
Filament Dendrite Length (sum),0,um,Filament,,,,,,,1,,,100000004,
Filament Dendrite Length (sum),0,um,Filament,,,,,,,1,,,100000005,
Filament Dendrite Length (sum),0,um,Filament,,,,,,,1,,,100000006,
Filament Dendrite Length (sum),0,um,Filament,,,,,,,1,,,100000007,
Filament Dendrite Length (sum),0,um,Filament,,,,,,,1,,,100000008,
Filament Dendrite Length (sum),0,um,Filament,,,,,,,1,,,100000009,
Filament Dendrite Length (sum),0,um,Filament,,,,,,,1,,,100000010,
Filament Dendrite Length (sum),0,um,Filament,,,,,,,1,,,100000011,
Filament Dendrite Length (sum),0,um,Filament,,,,,,,1,,,100000012,
Filament Dendrite Length (sum),0,um,Filament,,,,,,,1,,,100000013,
Filament Dendrite Length (sum),0,um,Filament,,,,,,,1,,,100000014,
Filament Dendrite Length (sum),0,um,Filament,,,,,,,1,,,100000015,
Filament Dendrite Length (sum),0,um,Filament,,,,,,,1,,,100000016,
Filament Dendrite Length (sum),0,um,Filament,,,,,,,1,,,100000017,
Filament Dendrite Length (sum),0,um,Filament,,,,,,,1,,,100000018,
Filament Dendrite Length (sum),0,um,Filament,,,,,,,1,,,100000019,
Filament Dendrite Length (sum),0,um,Filament,,,,,,,1,,,100000020,
Filament Dendrite Length (sum),0,um,Filament,,,,,,,1,,,100000021,
Filament Dendrite Length (sum),0,um,Filament,,,,,,,1,,,100000022,
Filament Dendrite Length (sum),0,um,Filament,,,,,,,1,,,100000023,
Filament Dendrite Length (sum),0,um,Filament,,,,,,,1,,,100000024,
Filament Dendrite Length (sum),0,um,Filament,,,,,,,1,,,100000025,
Filament Dendrite Length (sum),0,um,Filament,,,,,,,1,,,100000026,
Filament Dendrite Length (sum),0,um,Filament,,,,,,,1,,,100000027,
Filament Dendrite Length (sum),0,um,Filament,,,,,,,1,,,100000028,
Filament Dendrite Length (sum),0,um,Filament,,,,,,,1,,,100000029,
Filament Dendrite Length (sum),0,um,Filament,,,,,,,1,,,100000030,
Filament Dendrite Length (sum),0,um,Filament,,,,,,,1,,,100000031,
Filament Dendrite Length (sum),0,um,Filament,,,,,,,1,,,100000032,
Filament Dendrite Length (sum),0,um,Filament,,,,,,,1,,,100000033,
Filament Dendrite Length (sum),0,um,Filament,,,,,,,1,,,100000034,
Filament Dendrite Length (sum),0,um,Filament,,,,,,,1,,,100000035,
Filament Dendrite Length (sum),0,um,Filament,,,,,,,1,,,100000036,
Filament Dendrite Length (sum),0,um,Filament,,,,,,,1,,,100000037,
Filament Dendrite Length (sum),0,um,Filament,,,,,,,1,,,100000038,
Filament Dendrite Length (sum),0,um,Filament,,,,,,,1,,,100000039,
Filament Dendrite Length (sum),0,um,Filament,,,,,,,1,,,100000040,
Filament Dendrite Length (sum),0,um,Filament,,,,,,,1,,,100000041,
Filament Dendrite Length (sum),0,um,Filament,,,,,,,1,,,100000042,
Filament Dendrite Length (sum),0,um,Filament,,,,,,,1,,,100000043,
Filament Dendrite Length (sum),0,um,Filament,,,,,,,1,,,100000044,
Filament Dendrite Length (sum),0,um,Filament,,,,,,,1,,,100000045,
Filament Dendrite Length (sum),0,um,Filament,,,,,,,1,,,100000046,
Filament Dendrite Length (sum),0,um,Filament,,,,,,,1,,,100000047,
Filament Dendrite Length (sum),0,um,Filament,,,,,,,1,,,100000048,
Filament Dendrite Length (sum),0,um,Filament,,,,,,,1,,,100000049,
Filament Dendrite Length (sum),0,um,Filament,,,,,,,1,,,100000050,
Filament Dendrite Length (sum),0,um,Filament,,,,,,,1,,,100000051,
Filament Dendrite Length (sum),0,um,Filament,,,,,,,1,,,100000052,
Filament Dendrite Length (sum),0,um,Filament,,,,,,,1,,,100000053,
Filament Dendrite Length (sum),0,um,Filament,,,,,,,1,,,100000054,
Filament Dendrite Length (sum),0,um,Filament,,,,,,,1,,,100000055,
Filament Dendrite Length (sum),0,um,Filament,,,,,,,1,,,100000056,
Filament Dendrite Length (sum),0,um,Filament,,,,,,,1,,,100000057,
Filament Dendrite Length (sum),0,um,Filament,,,,,,,1,,,100000058,
Filament Dendrite Length (sum),0,um,Filament,,,,,,,1,,,100000059,
Filament Dendrite Length (sum),0,um,Filament,,,,,,,1,,,100000060,
Filament Dendrite Length (sum),0,um,Filament,,,,,,,1,,,100000061,
Filament Dendrite Length (sum),0,um,Filament,,,,,,,1,,,100000062,
Filament Dendrite Length (sum),0,um,Filament,,,,,,,1,,,100000063,
Filament Dendrite Length (sum),0,um,Filament,,,,,,,1,,,100000064,
Filament Dendrite Length (sum),0,um,Filament,,,,,,,1,,,100000065,
Filament Dendrite Length (sum),0,um,Filament,,,,,,,1,,,100000066,
Filament Dendrite Length (sum),0,um,Filament,,,,,,,1,,,100000067,
Filament Dendrite Length (sum),0,um,Filament,,,,,,,1,,,100000068,
Filament Dendrite Length (sum),0,um,Filament,,,,,,,1,,,100000069,
Filament Dendrite Length (sum),0,um,Filament,,,,,,,1,,,100000070,
Filament Dendrite Length (sum),0,um,Filament,,,,,,,1,,,100000071,
Filament Dendrite Length (sum),0,um,Filament,,,,,,,1,,,100000072,
Filament Dendrite Length (sum),0,um,Filament,,,,,,,1,,,100000073,
Filament Dendrite Length (sum),0,um,Filament,,,,,,,1,,,100000074,
Filament Dendrite Length (sum),0,um,Filament,,,,,,,1,,,100000075,
Filament Dendrite Length (sum),0,um,Filament,,,,,,,1,,,100000076,
Filament Dendrite Length (sum),0,um,Filament,,,,,,,1,,,100000077,
Filament Dendrite Length (sum),0,um,Filament,,,,,,,1,,,100000078,
Filament Dendrite Length (sum),0,um,Filament,,,,,,,1,,,100000079,
Filament Dendrite Length (sum),0,um,Filament,,,,,,,1,,,100000080,
Filament Dendrite Length (sum),0,um,Filament,,,,,,,1,,,100000081,
Filament Dendrite Length (sum),0,um,Filament,,,,,,,1,,,100000082,
Filament Dendrite Length (sum),0,um,Filament,,,,,,,1,,,100000083,
Filament Dendrite Length (sum),0,um,Filament,,,,,,,1,,,100000084,
Filament Dendrite Length (sum),0,um,Filament,,,,,,,1,,,100000085,
Filament Dendrite Length (sum),0,um,Filament,,,,,,,1,,,100000086,
Filament Dendrite Length (sum),0,um,Filament,,,,,,,1,,,100000087,
Filament Dendrite Length (sum),0,um,Filament,,,,,,,1,,,100000088,
Filament Dendrite Volume (sum),30.5899,um^3,Filament,,,,,,,1,,,100000000,
Filament Dendrite Volume (sum),0,um^3,Filament,,,,,,,1,,,100000001,
Filament Dendrite Volume (sum),0,um^3,Filament,,,,,,,1,,,100000002,
Filament Dendrite Volume (sum),0,um^3,Filament,,,,,,,1,,,100000003,
Filament Dendrite Volume (sum),0,um^3,Filament,,,,,,,1,,,100000004,
Filament Dendrite Volume (sum),0,um^3,Filament,,,,,,,1,,,100000005,
Filament Dendrite Volume (sum),0,um^3,Filament,,,,,,,1,,,100000006,
Filament Dendrite Volume (sum),0,um^3,Filament,,,,,,,1,,,100000007,
Filament Dendrite Volume (sum),0,um^3,Filament,,,,,,,1,,,100000008,
Filament Dendrite Volume (sum),0,um^3,Filament,,,,,,,1,,,100000009,
Filament Dendrite Volume (sum),0,um^3,Filament,,,,,,,1,,,100000010,
Filament Dendrite Volume (sum),0,um^3,Filament,,,,,,,1,,,100000011,
Filament Dendrite Volume (sum),0,um^3,Filament,,,,,,,1,,,100000012,
Filament Dendrite Volume (sum),0,um^3,Filament,,,,,,,1,,,100000013,
Filament Dendrite Volume (sum),0,um^3,Filament,,,,,,,1,,,100000014,
Filament Dendrite Volume (sum),0,um^3,Filament,,,,,,,1,,,100000015,
Filament Dendrite Volume (sum),0,um^3,Filament,,,,,,,1,,,100000016,
Filament Dendrite Volume (sum),0,um^3,Filament,,,,,,,1,,,100000017,
Filament Dendrite Volume (sum),0,um^3,Filament,,,,,,,1,,,100000018,
Filament Dendrite Volume (sum),0,um^3,Filament,,,,,,,1,,,100000019,
Filament Dendrite Volume (sum),0,um^3,Filament,,,,,,,1,,,100000020,
Filament Dendrite Volume (sum),0,um^3,Filament,,,,,,,1,,,100000021,
Filament Dendrite Volume (sum),0,um^3,Filament,,,,,,,1,,,100000022,
Filament Dendrite Volume (sum),0,um^3,Filament,,,,,,,1,,,100000023,
Filament Dendrite Volume (sum),0,um^3,Filament,,,,,,,1,,,100000024,
Filament Dendrite Volume (sum),0,um^3,Filament,,,,,,,1,,,100000025,
Filament Dendrite Volume (sum),0,um^3,Filament,,,,,,,1,,,100000026,
Filament Dendrite Volume (sum),0,um^3,Filament,,,,,,,1,,,100000027,
Filament Dendrite Volume (sum),0,um^3,Filament,,,,,,,1,,,100000028,
Filament Dendrite Volume (sum),0,um^3,Filament,,,,,,,1,,,100000029,
Filament Dendrite Volume (sum),0,um^3,Filament,,,,,,,1,,,100000030,
Filament Dendrite Volume (sum),0,um^3,Filament,,,,,,,1,,,100000031,
Filament Dendrite Volume (sum),0,um^3,Filament,,,,,,,1,,,100000032,
Filament Dendrite Volume (sum),0,um^3,Filament,,,,,,,1,,,100000033,
Filament Dendrite Volume (sum),0,um^3,Filament,,,,,,,1,,,100000034,
Filament Dendrite Volume (sum),0,um^3,Filament,,,,,,,1,,,100000035,
Filament Dendrite Volume (sum),0,um^3,Filament,,,,,,,1,,,100000036,
Filament Dendrite Volume (sum),0,um^3,Filament,,,,,,,1,,,100000037,
Filament Dendrite Volume (sum),0,um^3,Filament,,,,,,,1,,,100000038,
Filament Dendrite Volume (sum),0,um^3,Filament,,,,,,,1,,,100000039,
Filament Dendrite Volume (sum),0,um^3,Filament,,,,,,,1,,,100000040,
Filament Dendrite Volume (sum),0,um^3,Filament,,,,,,,1,,,100000041,
Filament Dendrite Volume (sum),0,um^3,Filament,,,,,,,1,,,100000042,
Filament Dendrite Volume (sum),0,um^3,Filament,,,,,,,1,,,100000043,
Filament Dendrite Volume (sum),0,um^3,Filament,,,,,,,1,,,100000044,
Filament Dendrite Volume (sum),0,um^3,Filament,,,,,,,1,,,100000045,
Filament Dendrite Volume (sum),0,um^3,Filament,,,,,,,1,,,100000046,
Filament Dendrite Volume (sum),0,um^3,Filament,,,,,,,1,,,100000047,
Filament Dendrite Volume (sum),0,um^3,Filament,,,,,,,1,,,100000048,
Filament Dendrite Volume (sum),0,um^3,Filament,,,,,,,1,,,100000049,
Filament Dendrite Volume (sum),0,um^3,Filament,,,,,,,1,,,100000050,
Filament Dendrite Volume (sum),0,um^3,Filament,,,,,,,1,,,100000051,
Filament Dendrite Volume (sum),0,um^3,Filament,,,,,,,1,,,100000052,
Filament Dendrite Volume (sum),0,um^3,Filament,,,,,,,1,,,100000053,
Filament Dendrite Volume (sum),0,um^3,Filament,,,,,,,1,,,100000054,
Filament Dendrite Volume (sum),0,um^3,Filament,,,,,,,1,,,100000055,
Filament Dendrite Volume (sum),0,um^3,Filament,,,,,,,1,,,100000056,
Filament Dendrite Volume (sum),0,um^3,Filament,,,,,,,1,,,100000057,
Filament Dendrite Volume (sum),0,um^3,Filament,,,,,,,1,,,100000058,
Filament Dendrite Volume (sum),0,um^3,Filament,,,,,,,1,,,100000059,
Filament Dendrite Volume (sum),0,um^3,Filament,,,,,,,1,,,100000060,
Filament Dendrite Volume (sum),0,um^3,Filament,,,,,,,1,,,100000061,
Filament Dendrite Volume (sum),0,um^3,Filament,,,,,,,1,,,100000062,
Filament Dendrite Volume (sum),0,um^3,Filament,,,,,,,1,,,100000063,
Filament Dendrite Volume (sum),0,um^3,Filament,,,,,,,1,,,100000064,
Filament Dendrite Volume (sum),0,um^3,Filament,,,,,,,1,,,100000065,
Filament Dendrite Volume (sum),0,um^3,Filament,,,,,,,1,,,100000066,
Filament Dendrite Volume (sum),0,um^3,Filament,,,,,,,1,,,100000067,
Filament Dendrite Volume (sum),0,um^3,Filament,,,,,,,1,,,100000068,
Filament Dendrite Volume (sum),0,um^3,Filament,,,,,,,1,,,100000069,
Filament Dendrite Volume (sum),0,um^3,Filament,,,,,,,1,,,100000070,
Filament Dendrite Volume (sum),0,um^3,Filament,,,,,,,1,,,100000071,
Filament Dendrite Volume (sum),0,um^3,Filament,,,,,,,1,,,100000072,
Filament Dendrite Volume (sum),0,um^3,Filament,,,,,,,1,,,100000073,
Filament Dendrite Volume (sum),0,um^3,Filament,,,,,,,1,,,100000074,
Filament Dendrite Volume (sum),0,um^3,Filament,,,,,,,1,,,100000075,
Filament Dendrite Volume (sum),0,um^3,Filament,,,,,,,1,,,100000076,
Filament Dendrite Volume (sum),0,um^3,Filament,,,,,,,1,,,100000077,
Filament Dendrite Volume (sum),0,um^3,Filament,,,,,,,1,,,100000078,
Filament Dendrite Volume (sum),0,um^3,Filament,,,,,,,1,,,100000079,
Filament Dendrite Volume (sum),0,um^3,Filament,,,,,,,1,,,100000080,
Filament Dendrite Volume (sum),0,um^3,Filament,,,,,,,1,,,100000081,
Filament Dendrite Volume (sum),0,um^3,Filament,,,,,,,1,,,100000082,
Filament Dendrite Volume (sum),0,um^3,Filament,,,,,,,1,,,100000083,
Filament Dendrite Volume (sum),0,um^3,Filament,,,,,,,1,,,100000084,
Filament Dendrite Volume (sum),0,um^3,Filament,,,,,,,1,,,100000085,
Filament Dendrite Volume (sum),0,um^3,Filament,,,,,,,1,,,100000086,
Filament Dendrite Volume (sum),0,um^3,Filament,,,,,,,1,,,100000087,
Filament Dendrite Volume (sum),0,um^3,Filament,,,,,,,1,,,100000088,
Filament Distance from Origin,49.1475,um,Filament,,Filament Distance from Origin,,,,,1,,,100000000,
Filament Distance from Origin,16.8693,um,Filament,,Filament Distance from Origin,,,,,1,,,100000001,
Filament Distance from Origin,16.1594,um,Filament,,Filament Distance from Origin,,,,,1,,,100000002,
Filament Distance from Origin,20.1569,um,Filament,,Filament Distance from Origin,,,,,1,,,100000003,
Filament Distance from Origin,19.5488,um,Filament,,Filament Distance from Origin,,,,,1,,,100000004,
Filament Distance from Origin,21.7583,um,Filament,,Filament Distance from Origin,,,,,1,,,100000005,
Filament Distance from Origin,22.1759,um,Filament,,Filament Distance from Origin,,,,,1,,,100000006,
Filament Distance from Origin,22.7325,um,Filament,,Filament Distance from Origin,,,,,1,,,100000007,
Filament Distance from Origin,23.153,um,Filament,,Filament Distance from Origin,,,,,1,,,100000008,
Filament Distance from Origin,24.5767,um,Filament,,Filament Distance from Origin,,,,,1,,,100000009,
Filament Distance from Origin,26.5483,um,Filament,,Filament Distance from Origin,,,,,1,,,100000010,
Filament Distance from Origin,26.1685,um,Filament,,Filament Distance from Origin,,,,,1,,,100000011,
Filament Distance from Origin,26.4842,um,Filament,,Filament Distance from Origin,,,,,1,,,100000012,
Filament Distance from Origin,27.8328,um,Filament,,Filament Distance from Origin,,,,,1,,,100000013,
Filament Distance from Origin,27.2496,um,Filament,,Filament Distance from Origin,,,,,1,,,100000014,
Filament Distance from Origin,30.0892,um,Filament,,Filament Distance from Origin,,,,,1,,,100000015,
Filament Distance from Origin,30.6746,um,Filament,,Filament Distance from Origin,,,,,1,,,100000016,
Filament Distance from Origin,32.2212,um,Filament,,Filament Distance from Origin,,,,,1,,,100000017,
Filament Distance from Origin,33.0144,um,Filament,,Filament Distance from Origin,,,,,1,,,100000018,
Filament Distance from Origin,34.8461,um,Filament,,Filament Distance from Origin,,,,,1,,,100000019,
Filament Distance from Origin,34.0793,um,Filament,,Filament Distance from Origin,,,,,1,,,100000020,
Filament Distance from Origin,32.8039,um,Filament,,Filament Distance from Origin,,,,,1,,,100000021,
Filament Distance from Origin,32.8662,um,Filament,,Filament Distance from Origin,,,,,1,,,100000022,
Filament Distance from Origin,34.0499,um,Filament,,Filament Distance from Origin,,,,,1,,,100000023,
Filament Distance from Origin,34.3863,um,Filament,,Filament Distance from Origin,,,,,1,,,100000024,
Filament Distance from Origin,36.6267,um,Filament,,Filament Distance from Origin,,,,,1,,,100000025,
Filament Distance from Origin,36.5674,um,Filament,,Filament Distance from Origin,,,,,1,,,100000026,
Filament Distance from Origin,39.2788,um,Filament,,Filament Distance from Origin,,,,,1,,,100000027,
Filament Distance from Origin,39.5523,um,Filament,,Filament Distance from Origin,,,,,1,,,100000028,
Filament Distance from Origin,40.8372,um,Filament,,Filament Distance from Origin,,,,,1,,,100000029,
Filament Distance from Origin,41.5652,um,Filament,,Filament Distance from Origin,,,,,1,,,100000030,
Filament Distance from Origin,39.3743,um,Filament,,Filament Distance from Origin,,,,,1,,,100000031,
Filament Distance from Origin,39.8471,um,Filament,,Filament Distance from Origin,,,,,1,,,100000032,
Filament Distance from Origin,41.3206,um,Filament,,Filament Distance from Origin,,,,,1,,,100000033,
Filament Distance from Origin,41.0535,um,Filament,,Filament Distance from Origin,,,,,1,,,100000034,
Filament Distance from Origin,41.8104,um,Filament,,Filament Distance from Origin,,,,,1,,,100000035,
Filament Distance from Origin,42.2745,um,Filament,,Filament Distance from Origin,,,,,1,,,100000036,
Filament Distance from Origin,43.6271,um,Filament,,Filament Distance from Origin,,,,,1,,,100000037,
Filament Distance from Origin,43.7875,um,Filament,,Filament Distance from Origin,,,,,1,,,100000038,
Filament Distance from Origin,46.116,um,Filament,,Filament Distance from Origin,,,,,1,,,100000039,
Filament Distance from Origin,46.1372,um,Filament,,Filament Distance from Origin,,,,,1,,,100000040,
Filament Distance from Origin,47.8556,um,Filament,,Filament Distance from Origin,,,,,1,,,100000041,
Filament Distance from Origin,48.6894,um,Filament,,Filament Distance from Origin,,,,,1,,,100000042,
Filament Distance from Origin,49.4092,um,Filament,,Filament Distance from Origin,,,,,1,,,100000043,
Filament Distance from Origin,49.8564,um,Filament,,Filament Distance from Origin,,,,,1,,,100000044,
Filament Distance from Origin,50.868,um,Filament,,Filament Distance from Origin,,,,,1,,,100000045,
Filament Distance from Origin,51.2418,um,Filament,,Filament Distance from Origin,,,,,1,,,100000046,
Filament Distance from Origin,49.9583,um,Filament,,Filament Distance from Origin,,,,,1,,,100000047,
Filament Distance from Origin,50.647,um,Filament,,Filament Distance from Origin,,,,,1,,,100000048,
Filament Distance from Origin,53.8394,um,Filament,,Filament Distance from Origin,,,,,1,,,100000049,
Filament Distance from Origin,54.5775,um,Filament,,Filament Distance from Origin,,,,,1,,,100000050,
Filament Distance from Origin,56.9208,um,Filament,,Filament Distance from Origin,,,,,1,,,100000051,
Filament Distance from Origin,57.142,um,Filament,,Filament Distance from Origin,,,,,1,,,100000052,
Filament Distance from Origin,58.2565,um,Filament,,Filament Distance from Origin,,,,,1,,,100000053,
Filament Distance from Origin,58.3647,um,Filament,,Filament Distance from Origin,,,,,1,,,100000054,
Filament Distance from Origin,63.0662,um,Filament,,Filament Distance from Origin,,,,,1,,,100000055,
Filament Distance from Origin,63.7561,um,Filament,,Filament Distance from Origin,,,,,1,,,100000056,
Filament Distance from Origin,62.2436,um,Filament,,Filament Distance from Origin,,,,,1,,,100000057,
Filament Distance from Origin,62.7918,um,Filament,,Filament Distance from Origin,,,,,1,,,100000058,
Filament Distance from Origin,64.5939,um,Filament,,Filament Distance from Origin,,,,,1,,,100000059,
Filament Distance from Origin,64.6145,um,Filament,,Filament Distance from Origin,,,,,1,,,100000060,
Filament Distance from Origin,67.9186,um,Filament,,Filament Distance from Origin,,,,,1,,,100000061,
Filament Distance from Origin,68.4132,um,Filament,,Filament Distance from Origin,,,,,1,,,100000062,
Filament Distance from Origin,67.7031,um,Filament,,Filament Distance from Origin,,,,,1,,,100000063,
Filament Distance from Origin,66.786,um,Filament,,Filament Distance from Origin,,,,,1,,,100000064,
Filament Distance from Origin,69.3725,um,Filament,,Filament Distance from Origin,,,,,1,,,100000065,
Filament Distance from Origin,69.5211,um,Filament,,Filament Distance from Origin,,,,,1,,,100000066,
Filament Distance from Origin,71.9007,um,Filament,,Filament Distance from Origin,,,,,1,,,100000067,
Filament Distance from Origin,71.6218,um,Filament,,Filament Distance from Origin,,,,,1,,,100000068,
Filament Distance from Origin,70.2903,um,Filament,,Filament Distance from Origin,,,,,1,,,100000069,
Filament Distance from Origin,70.536,um,Filament,,Filament Distance from Origin,,,,,1,,,100000070,
Filament Distance from Origin,73.8564,um,Filament,,Filament Distance from Origin,,,,,1,,,100000071,
Filament Distance from Origin,74.4389,um,Filament,,Filament Distance from Origin,,,,,1,,,100000072,
Filament Distance from Origin,74.5895,um,Filament,,Filament Distance from Origin,,,,,1,,,100000073,
Filament Distance from Origin,75.2194,um,Filament,,Filament Distance from Origin,,,,,1,,,100000074,
Filament Distance from Origin,73.3508,um,Filament,,Filament Distance from Origin,,,,,1,,,100000075,
Filament Distance from Origin,73.876,um,Filament,,Filament Distance from Origin,,,,,1,,,100000076,
Filament Distance from Origin,77.243,um,Filament,,Filament Distance from Origin,,,,,1,,,100000077,
Filament Distance from Origin,77.7031,um,Filament,,Filament Distance from Origin,,,,,1,,,100000078,
Filament Distance from Origin,80.129,um,Filament,,Filament Distance from Origin,,,,,1,,,100000079,
Filament Distance from Origin,80.9281,um,Filament,,Filament Distance from Origin,,,,,1,,,100000080,
Filament Distance from Origin,81.5551,um,Filament,,Filament Distance from Origin,,,,,1,,,100000081,
Filament Distance from Origin,81.9595,um,Filament,,Filament Distance from Origin,,,,,1,,,100000082,
Filament Distance from Origin,86.176,um,Filament,,Filament Distance from Origin,,,,,1,,,100000083,
Filament Distance from Origin,86.671,um,Filament,,Filament Distance from Origin,,,,,1,,,100000084,
Filament Distance from Origin,84.2508,um,Filament,,Filament Distance from Origin,,,,,1,,,100000085,
Filament Distance from Origin,83.1086,um,Filament,,Filament Distance from Origin,,,,,1,,,100000086,
Filament Distance from Origin,82.1564,um,Filament,,Filament Distance from Origin,,,,,1,,,100000087,
Filament Distance from Origin,81.8634,um,Filament,,Filament Distance from Origin,,,,,1,,,100000088,
Filament Full Branch Depth,0,,Filament,,,,,,,1,,,100000000,
Filament Full Branch Depth,0,,Filament,,,,,,,1,,,100000001,
Filament Full Branch Depth,0,,Filament,,,,,,,1,,,100000003,
Filament Full Branch Depth,0,,Filament,,,,,,,1,,,100000005,
Filament Full Branch Depth,0,,Filament,,,,,,,1,,,100000007,
Filament Full Branch Depth,0,,Filament,,,,,,,1,,,100000010,
Filament Full Branch Depth,0,,Filament,,,,,,,1,,,100000011,
Filament Full Branch Depth,0,,Filament,,,,,,,1,,,100000012,
Filament Full Branch Depth,0,,Filament,,,,,,,1,,,100000013,
Filament Full Branch Depth,0,,Filament,,,,,,,1,,,100000014,
Filament Full Branch Depth,0,,Filament,,,,,,,1,,,100000015,
Filament Full Branch Depth,0,,Filament,,,,,,,1,,,100000016,
Filament Full Branch Depth,0,,Filament,,,,,,,1,,,100000017,
Filament Full Branch Depth,0,,Filament,,,,,,,1,,,100000019,
Filament Full Branch Depth,0,,Filament,,,,,,,1,,,100000021,
Filament Full Branch Depth,0,,Filament,,,,,,,1,,,100000023,
Filament Full Branch Depth,0,,Filament,,,,,,,1,,,100000025,
Filament Full Branch Depth,0,,Filament,,,,,,,1,,,100000027,
Filament Full Branch Depth,0,,Filament,,,,,,,1,,,100000029,
Filament Full Branch Depth,0,,Filament,,,,,,,1,,,100000031,
Filament Full Branch Depth,0,,Filament,,,,,,,1,,,100000033,
Filament Full Branch Depth,0,,Filament,,,,,,,1,,,100000035,
Filament Full Branch Depth,0,,Filament,,,,,,,1,,,100000036,
Filament Full Branch Depth,0,,Filament,,,,,,,1,,,100000037,
Filament Full Branch Depth,0,,Filament,,,,,,,1,,,100000038,
Filament Full Branch Depth,0,,Filament,,,,,,,1,,,100000039,
Filament Full Branch Depth,0,,Filament,,,,,,,1,,,100000040,
Filament Full Branch Depth,0,,Filament,,,,,,,1,,,100000041,
Filament Full Branch Depth,0,,Filament,,,,,,,1,,,100000043,
Filament Full Branch Depth,0,,Filament,,,,,,,1,,,100000045,
Filament Full Branch Depth,0,,Filament,,,,,,,1,,,100000047,
Filament Full Branch Depth,0,,Filament,,,,,,,1,,,100000048,
Filament Full Branch Depth,0,,Filament,,,,,,,1,,,100000049,
Filament Full Branch Depth,0,,Filament,,,,,,,1,,,100000051,
Filament Full Branch Depth,0,,Filament,,,,,,,1,,,100000053,
Filament Full Branch Depth,0,,Filament,,,,,,,1,,,100000055,
Filament Full Branch Depth,0,,Filament,,,,,,,1,,,100000056,
Filament Full Branch Depth,0,,Filament,,,,,,,1,,,100000057,
Filament Full Branch Depth,0,,Filament,,,,,,,1,,,100000059,
Filament Full Branch Depth,0,,Filament,,,,,,,1,,,100000061,
Filament Full Branch Depth,0,,Filament,,,,,,,1,,,100000063,
Filament Full Branch Depth,0,,Filament,,,,,,,1,,,100000065,
Filament Full Branch Depth,0,,Filament,,,,,,,1,,,100000067,
Filament Full Branch Depth,0,,Filament,,,,,,,1,,,100000068,
Filament Full Branch Depth,0,,Filament,,,,,,,1,,,100000069,
Filament Full Branch Depth,0,,Filament,,,,,,,1,,,100000071,
Filament Full Branch Depth,0,,Filament,,,,,,,1,,,100000073,
Filament Full Branch Depth,0,,Filament,,,,,,,1,,,100000075,
Filament Full Branch Depth,0,,Filament,,,,,,,1,,,100000077,
Filament Full Branch Depth,0,,Filament,,,,,,,1,,,100000079,
Filament Full Branch Depth,0,,Filament,,,,,,,1,,,100000081,
Filament Full Branch Depth,0,,Filament,,,,,,,1,,,100000083,
Filament Full Branch Depth,0,,Filament,,,,,,,1,,,100000084,
Filament Full Branch Depth,0,,Filament,,,,,,,1,,,100000085,
Filament Full Branch Depth,0,,Filament,,,,,,,1,,,100000087,
Filament Full Branch Level,1,,Filament,,,,,,,1,,,100000000,
Filament Length (sum),83.3975,um,Filament,,,,,,,1,,,100000000,
Filament Length (sum),1.9899,um,Filament,,,,,,,1,,,100000001,
Filament Length (sum),0,um,Filament,,,,,,,1,,,100000002,
Filament Length (sum),1.08452,um,Filament,,,,,,,1,,,100000003,
Filament Length (sum),0,um,Filament,,,,,,,1,,,100000004,
Filament Length (sum),1.11263,um,Filament,,,,,,,1,,,100000005,
Filament Length (sum),0,um,Filament,,,,,,,1,,,100000006,
Filament Length (sum),2.7315,um,Filament,,,,,,,1,,,100000007,
Filament Length (sum),0,um,Filament,,,,,,,1,,,100000008,
Filament Length (sum),0,um,Filament,,,,,,,1,,,100000009,
Filament Length (sum),2.95408,um,Filament,,,,,,,1,,,100000010,
Filament Length (sum),1.17921,um,Filament,,,,,,,1,,,100000011,
Filament Length (sum),1.22279,um,Filament,,,,,,,1,,,100000012,
Filament Length (sum),1.02729,um,Filament,,,,,,,1,,,100000013,
Filament Length (sum),1.01332,um,Filament,,,,,,,1,,,100000014,
Filament Length (sum),2.20513,um,Filament,,,,,,,1,,,100000015,
Filament Length (sum),1.05288,um,Filament,,,,,,,1,,,100000016,
Filament Length (sum),2.21003,um,Filament,,,,,,,1,,,100000017,
Filament Length (sum),0,um,Filament,,,,,,,1,,,100000018,
Filament Length (sum),1.98073,um,Filament,,,,,,,1,,,100000019,
Filament Length (sum),0,um,Filament,,,,,,,1,,,100000020,
Filament Length (sum),1.15706,um,Filament,,,,,,,1,,,100000021,
Filament Length (sum),0,um,Filament,,,,,,,1,,,100000022,
Filament Length (sum),1.05288,um,Filament,,,,,,,1,,,100000023,
Filament Length (sum),0,um,Filament,,,,,,,1,,,100000024,
Filament Length (sum),2.11299,um,Filament,,,,,,,1,,,100000025,
Filament Length (sum),0,um,Filament,,,,,,,1,,,100000026,
Filament Length (sum),1.10812,um,Filament,,,,,,,1,,,100000027,
Filament Length (sum),0,um,Filament,,,,,,,1,,,100000028,
Filament Length (sum),2.09784,um,Filament,,,,,,,1,,,100000029,
Filament Length (sum),0,um,Filament,,,,,,,1,,,100000030,
Filament Length (sum),2.9309,um,Filament,,,,,,,1,,,100000031,
Filament Length (sum),0,um,Filament,,,,,,,1,,,100000032,
Filament Length (sum),4.28641,um,Filament,,,,,,,1,,,100000033,
Filament Length (sum),0,um,Filament,,,,,,,1,,,100000034,
Filament Length (sum),2.98014,um,Filament,,,,,,,1,,,100000035,
Filament Length (sum),1.09759,um,Filament,,,,,,,1,,,100000036,
Filament Length (sum),3.24548,um,Filament,,,,,,,1,,,100000037,
Filament Length (sum),1.06827,um,Filament,,,,,,,1,,,100000038,
Filament Length (sum),3.29478,um,Filament,,,,,,,1,,,100000039,
Filament Length (sum),2.23305,um,Filament,,,,,,,1,,,100000040,
Filament Length (sum),1.05106,um,Filament,,,,,,,1,,,100000041,
Filament Length (sum),0,um,Filament,,,,,,,1,,,100000042,
Filament Length (sum),1.12524,um,Filament,,,,,,,1,,,100000043,
Filament Length (sum),0,um,Filament,,,,,,,1,,,100000044,
Filament Length (sum),1.01404,um,Filament,,,,,,,1,,,100000045,
Filament Length (sum),0,um,Filament,,,,,,,1,,,100000046,
Filament Length (sum),3.20638,um,Filament,,,,,,,1,,,100000047,
Filament Length (sum),1.03257,um,Filament,,,,,,,1,,,100000048,
Filament Length (sum),1.49982,um,Filament,,,,,,,1,,,100000049,
Filament Length (sum),0,um,Filament,,,,,,,1,,,100000050,
Filament Length (sum),1.12824,um,Filament,,,,,,,1,,,100000051,
Filament Length (sum),0,um,Filament,,,,,,,1,,,100000052,
Filament Length (sum),1.06289,um,Filament,,,,,,,1,,,100000053,
Filament Length (sum),0,um,Filament,,,,,,,1,,,100000054,
Filament Length (sum),5.63806,um,Filament,,,,,,,1,,,100000055,
Filament Length (sum),1.05734,um,Filament,,,,,,,1,,,100000056,
Filament Length (sum),2.11808,um,Filament,,,,,,,1,,,100000057,
Filament Length (sum),0,um,Filament,,,,,,,1,,,100000058,
Filament Length (sum),2.31012,um,Filament,,,,,,,1,,,100000059,
Filament Length (sum),0,um,Filament,,,,,,,1,,,100000060,
Filament Length (sum),2.1131,um,Filament,,,,,,,1,,,100000061,
Filament Length (sum),0,um,Filament,,,,,,,1,,,100000062,
Filament Length (sum),2.14513,um,Filament,,,,,,,1,,,100000063,
Filament Length (sum),0,um,Filament,,,,,,,1,,,100000064,
Filament Length (sum),2.12037,um,Filament,,,,,,,1,,,100000065,
Filament Length (sum),0,um,Filament,,,,,,,1,,,100000066,
Filament Length (sum),1.98947,um,Filament,,,,,,,1,,,100000067,
Filament Length (sum),1.08248,um,Filament,,,,,,,1,,,100000068,
Filament Length (sum),1.89841,um,Filament,,,,,,,1,,,100000069,
Filament Length (sum),0,um,Filament,,,,,,,1,,,100000070,
Filament Length (sum),2.18284,um,Filament,,,,,,,1,,,100000071,
Filament Length (sum),0,um,Filament,,,,,,,1,,,100000072,
Filament Length (sum),1.02615,um,Filament,,,,,,,1,,,100000073,
Filament Length (sum),0,um,Filament,,,,,,,1,,,100000074,
Filament Length (sum),1.04601,um,Filament,,,,,,,1,,,100000075,
Filament Length (sum),0,um,Filament,,,,,,,1,,,100000076,
Filament Length (sum),1.16618,um,Filament,,,,,,,1,,,100000077,
Filament Length (sum),0,um,Filament,,,,,,,1,,,100000078,
Filament Length (sum),3.15199,um,Filament,,,,,,,1,,,100000079,
Filament Length (sum),0,um,Filament,,,,,,,1,,,100000080,
Filament Length (sum),1.07046,um,Filament,,,,,,,1,,,100000081,
Filament Length (sum),0,um,Filament,,,,,,,1,,,100000082,
Filament Length (sum),2.22928,um,Filament,,,,,,,1,,,100000083,
Filament Length (sum),1.17772,um,Filament,,,,,,,1,,,100000084,
Filament Length (sum),1.20231,um,Filament,,,,,,,1,,,100000085,
Filament Length (sum),0,um,Filament,,,,,,,1,,,100000086,
Filament Length (sum),1.13591,um,Filament,,,,,,,1,,,100000087,
Filament Length (sum),0,um,Filament,,,,,,,1,,,100000088,
Filament No. Dendrite Branch Pts,0,,Filament,,,,,,,1,,,100000000,
Filament No. Dendrite Branch Pts,0,,Filament,,,,,,,1,,,100000001,
Filament No. Dendrite Branch Pts,0,,Filament,,,,,,,1,,,100000002,
Filament No. Dendrite Branch Pts,0,,Filament,,,,,,,1,,,100000003,
Filament No. Dendrite Branch Pts,0,,Filament,,,,,,,1,,,100000004,
Filament No. Dendrite Branch Pts,0,,Filament,,,,,,,1,,,100000005,
Filament No. Dendrite Branch Pts,0,,Filament,,,,,,,1,,,100000006,
Filament No. Dendrite Branch Pts,0,,Filament,,,,,,,1,,,100000007,
Filament No. Dendrite Branch Pts,0,,Filament,,,,,,,1,,,100000008,
Filament No. Dendrite Branch Pts,0,,Filament,,,,,,,1,,,100000009,
Filament No. Dendrite Branch Pts,0,,Filament,,,,,,,1,,,100000010,
Filament No. Dendrite Branch Pts,0,,Filament,,,,,,,1,,,100000011,
Filament No. Dendrite Branch Pts,0,,Filament,,,,,,,1,,,100000012,
Filament No. Dendrite Branch Pts,0,,Filament,,,,,,,1,,,100000013,
Filament No. Dendrite Branch Pts,0,,Filament,,,,,,,1,,,100000014,
Filament No. Dendrite Branch Pts,0,,Filament,,,,,,,1,,,100000015,
Filament No. Dendrite Branch Pts,0,,Filament,,,,,,,1,,,100000016,
Filament No. Dendrite Branch Pts,0,,Filament,,,,,,,1,,,100000017,
Filament No. Dendrite Branch Pts,0,,Filament,,,,,,,1,,,100000018,
Filament No. Dendrite Branch Pts,0,,Filament,,,,,,,1,,,100000019,
Filament No. Dendrite Branch Pts,0,,Filament,,,,,,,1,,,100000020,
Filament No. Dendrite Branch Pts,0,,Filament,,,,,,,1,,,100000021,
Filament No. Dendrite Branch Pts,0,,Filament,,,,,,,1,,,100000022,
Filament No. Dendrite Branch Pts,0,,Filament,,,,,,,1,,,100000023,
Filament No. Dendrite Branch Pts,0,,Filament,,,,,,,1,,,100000024,
Filament No. Dendrite Branch Pts,0,,Filament,,,,,,,1,,,100000025,
Filament No. Dendrite Branch Pts,0,,Filament,,,,,,,1,,,100000026,
Filament No. Dendrite Branch Pts,0,,Filament,,,,,,,1,,,100000027,
Filament No. Dendrite Branch Pts,0,,Filament,,,,,,,1,,,100000028,
Filament No. Dendrite Branch Pts,0,,Filament,,,,,,,1,,,100000029,
Filament No. Dendrite Branch Pts,0,,Filament,,,,,,,1,,,100000030,
Filament No. Dendrite Branch Pts,0,,Filament,,,,,,,1,,,100000031,
Filament No. Dendrite Branch Pts,0,,Filament,,,,,,,1,,,100000032,
Filament No. Dendrite Branch Pts,0,,Filament,,,,,,,1,,,100000033,
Filament No. Dendrite Branch Pts,0,,Filament,,,,,,,1,,,100000034,
Filament No. Dendrite Branch Pts,0,,Filament,,,,,,,1,,,100000035,
Filament No. Dendrite Branch Pts,0,,Filament,,,,,,,1,,,100000036,
Filament No. Dendrite Branch Pts,0,,Filament,,,,,,,1,,,100000037,
Filament No. Dendrite Branch Pts,0,,Filament,,,,,,,1,,,100000038,
Filament No. Dendrite Branch Pts,0,,Filament,,,,,,,1,,,100000039,
Filament No. Dendrite Branch Pts,0,,Filament,,,,,,,1,,,100000040,
Filament No. Dendrite Branch Pts,0,,Filament,,,,,,,1,,,100000041,
Filament No. Dendrite Branch Pts,0,,Filament,,,,,,,1,,,100000042,
Filament No. Dendrite Branch Pts,0,,Filament,,,,,,,1,,,100000043,
Filament No. Dendrite Branch Pts,0,,Filament,,,,,,,1,,,100000044,
Filament No. Dendrite Branch Pts,0,,Filament,,,,,,,1,,,100000045,
Filament No. Dendrite Branch Pts,0,,Filament,,,,,,,1,,,100000046,
Filament No. Dendrite Branch Pts,0,,Filament,,,,,,,1,,,100000047,
Filament No. Dendrite Branch Pts,0,,Filament,,,,,,,1,,,100000048,
Filament No. Dendrite Branch Pts,0,,Filament,,,,,,,1,,,100000049,
Filament No. Dendrite Branch Pts,0,,Filament,,,,,,,1,,,100000050,
Filament No. Dendrite Branch Pts,0,,Filament,,,,,,,1,,,100000051,
Filament No. Dendrite Branch Pts,0,,Filament,,,,,,,1,,,100000052,
Filament No. Dendrite Branch Pts,0,,Filament,,,,,,,1,,,100000053,
Filament No. Dendrite Branch Pts,0,,Filament,,,,,,,1,,,100000054,
Filament No. Dendrite Branch Pts,0,,Filament,,,,,,,1,,,100000055,
Filament No. Dendrite Branch Pts,0,,Filament,,,,,,,1,,,100000056,
Filament No. Dendrite Branch Pts,0,,Filament,,,,,,,1,,,100000057,
Filament No. Dendrite Branch Pts,0,,Filament,,,,,,,1,,,100000058,
Filament No. Dendrite Branch Pts,0,,Filament,,,,,,,1,,,100000059,
Filament No. Dendrite Branch Pts,0,,Filament,,,,,,,1,,,100000060,
Filament No. Dendrite Branch Pts,0,,Filament,,,,,,,1,,,100000061,
Filament No. Dendrite Branch Pts,0,,Filament,,,,,,,1,,,100000062,
Filament No. Dendrite Branch Pts,0,,Filament,,,,,,,1,,,100000063,
Filament No. Dendrite Branch Pts,0,,Filament,,,,,,,1,,,100000064,
Filament No. Dendrite Branch Pts,0,,Filament,,,,,,,1,,,100000065,
Filament No. Dendrite Branch Pts,0,,Filament,,,,,,,1,,,100000066,
Filament No. Dendrite Branch Pts,0,,Filament,,,,,,,1,,,100000067,
Filament No. Dendrite Branch Pts,0,,Filament,,,,,,,1,,,100000068,
Filament No. Dendrite Branch Pts,0,,Filament,,,,,,,1,,,100000069,
Filament No. Dendrite Branch Pts,0,,Filament,,,,,,,1,,,100000070,
Filament No. Dendrite Branch Pts,0,,Filament,,,,,,,1,,,100000071,
Filament No. Dendrite Branch Pts,0,,Filament,,,,,,,1,,,100000072,
Filament No. Dendrite Branch Pts,0,,Filament,,,,,,,1,,,100000073,
Filament No. Dendrite Branch Pts,0,,Filament,,,,,,,1,,,100000074,
Filament No. Dendrite Branch Pts,0,,Filament,,,,,,,1,,,100000075,
Filament No. Dendrite Branch Pts,0,,Filament,,,,,,,1,,,100000076,
Filament No. Dendrite Branch Pts,0,,Filament,,,,,,,1,,,100000077,
Filament No. Dendrite Branch Pts,0,,Filament,,,,,,,1,,,100000078,
Filament No. Dendrite Branch Pts,0,,Filament,,,,,,,1,,,100000079,
Filament No. Dendrite Branch Pts,0,,Filament,,,,,,,1,,,100000080,
Filament No. Dendrite Branch Pts,0,,Filament,,,,,,,1,,,100000081,
Filament No. Dendrite Branch Pts,0,,Filament,,,,,,,1,,,100000082,
Filament No. Dendrite Branch Pts,0,,Filament,,,,,,,1,,,100000083,
Filament No. Dendrite Branch Pts,0,,Filament,,,,,,,1,,,100000084,
Filament No. Dendrite Branch Pts,0,,Filament,,,,,,,1,,,100000085,
Filament No. Dendrite Branch Pts,0,,Filament,,,,,,,1,,,100000086,
Filament No. Dendrite Branch Pts,0,,Filament,,,,,,,1,,,100000087,
Filament No. Dendrite Branch Pts,0,,Filament,,,,,,,1,,,100000088,
Filament No. Dendrite Branches,0,,Filament,,,,0.000,,,1,,,100000000,
Filament No. Dendrite Branches,0,,Filament,,,,1.000,,,1,,,100000000,
Filament No. Dendrite Branches,1,,Filament,,,,2.000,,,1,,,100000000,
Filament No. Dendrite Branches,1,,Filament,,,,3.000,,,1,,,100000000,
Filament No. Dendrite Branches,1,,Filament,,,,4.000,,,1,,,100000000,
Filament No. Dendrite Branches,1,,Filament,,,,5.000,,,1,,,100000000,
Filament No. Dendrite Branches,1,,Filament,,,,6.000,,,1,,,100000000,
Filament No. Dendrite Branches,1,,Filament,,,,7.000,,,1,,,100000000,
Filament No. Dendrite Branches,1,,Filament,,,,8.000,,,1,,,100000000,
Filament No. Dendrite Branches,1,,Filament,,,,9.000,,,1,,,100000000,
Filament No. Dendrite Branches,1,,Filament,,,,10.000,,,1,,,100000000,
Filament No. Dendrite Branches,1,,Filament,,,,11.000,,,1,,,100000000,
Filament No. Dendrite Branches,1,,Filament,,,,12.000,,,1,,,100000000,
Filament No. Dendrite Branches,1,,Filament,,,,13.000,,,1,,,100000000,
Filament No. Dendrite Branches,1,,Filament,,,,14.000,,,1,,,100000000,
Filament No. Dendrite Branches,1,,Filament,,,,15.000,,,1,,,100000000,
Filament No. Dendrite Branches,1,,Filament,,,,16.000,,,1,,,100000000,
Filament No. Dendrite Branches,1,,Filament,,,,17.000,,,1,,,100000000,
Filament No. Dendrite Branches,1,,Filament,,,,18.000,,,1,,,100000000,
Filament No. Dendrite Branches,1,,Filament,,,,19.000,,,1,,,100000000,
Filament No. Dendrite Branches,1,,Filament,,,,20.000,,,1,,,100000000,
Filament No. Dendrite Branches,1,,Filament,,,,21.000,,,1,,,100000000,
Filament No. Dendrite Branches,1,,Filament,,,,22.000,,,1,,,100000000,
Filament No. Dendrite Branches,1,,Filament,,,,23.000,,,1,,,100000000,
Filament No. Dendrite Branches,1,,Filament,,,,24.000,,,1,,,100000000,
Filament No. Dendrite Branches,1,,Filament,,,,25.000,,,1,,,100000000,
Filament No. Dendrite Branches,1,,Filament,,,,26.000,,,1,,,100000000,
Filament No. Dendrite Branches,1,,Filament,,,,27.000,,,1,,,100000000,
Filament No. Dendrite Branches,1,,Filament,,,,28.000,,,1,,,100000000,
Filament No. Dendrite Branches,1,,Filament,,,,29.000,,,1,,,100000000,
Filament No. Dendrite Branches,1,,Filament,,,,30.000,,,1,,,100000000,
Filament No. Dendrite Branches,1,,Filament,,,,31.000,,,1,,,100000000,
Filament No. Dendrite Branches,1,,Filament,,,,32.000,,,1,,,100000000,
Filament No. Dendrite Branches,1,,Filament,,,,33.000,,,1,,,100000000,
Filament No. Dendrite Branches,1,,Filament,,,,34.000,,,1,,,100000000,
Filament No. Dendrite Branches,1,,Filament,,,,35.000,,,1,,,100000000,
Filament No. Dendrite Branches,1,,Filament,,,,36.000,,,1,,,100000000,
Filament No. Dendrite Branches,1,,Filament,,,,37.000,,,1,,,100000000,
Filament No. Dendrite Branches,1,,Filament,,,,38.000,,,1,,,100000000,
Filament No. Dendrite Branches,1,,Filament,,,,39.000,,,1,,,100000000,
Filament No. Dendrite Branches,1,,Filament,,,,40.000,,,1,,,100000000,
Filament No. Dendrite Branches,1,,Filament,,,,41.000,,,1,,,100000000,
Filament No. Dendrite Branches,1,,Filament,,,,42.000,,,1,,,100000000,
Filament No. Dendrite Branches,1,,Filament,,,,43.000,,,1,,,100000000,
Filament No. Dendrite Branches,1,,Filament,,,,44.000,,,1,,,100000000,
Filament No. Dendrite Branches,1,,Filament,,,,45.000,,,1,,,100000000,
Filament No. Dendrite Branches,1,,Filament,,,,46.000,,,1,,,100000000,
Filament No. Dendrite Branches,1,,Filament,,,,47.000,,,1,,,100000000,
Filament No. Dendrite Branches,1,,Filament,,,,48.000,,,1,,,100000000,
Filament No. Dendrite Branches,1,,Filament,,,,49.000,,,1,,,100000000,
Filament No. Dendrite Branches,1,,Filament,,,,50.000,,,1,,,100000000,
Filament No. Dendrite Branches,1,,Filament,,,,51.000,,,1,,,100000000,
Filament No. Dendrite Branches,1,,Filament,,,,52.000,,,1,,,100000000,
Filament No. Dendrite Branches,1,,Filament,,,,53.000,,,1,,,100000000,
Filament No. Dendrite Branches,1,,Filament,,,,54.000,,,1,,,100000000,
Filament No. Dendrite Branches,1,,Filament,,,,55.000,,,1,,,100000000,
Filament No. Dendrite Branches,1,,Filament,,,,56.000,,,1,,,100000000,
Filament No. Dendrite Branches,1,,Filament,,,,57.000,,,1,,,100000000,
Filament No. Dendrite Branches,1,,Filament,,,,58.000,,,1,,,100000000,
Filament No. Dendrite Branches,1,,Filament,,,,59.000,,,1,,,100000000,
Filament No. Dendrite Branches,1,,Filament,,,,60.000,,,1,,,100000000,
Filament No. Dendrite Branches,1,,Filament,,,,61.000,,,1,,,100000000,
Filament No. Dendrite Branches,1,,Filament,,,,62.000,,,1,,,100000000,
Filament No. Dendrite Branches,1,,Filament,,,,63.000,,,1,,,100000000,
Filament No. Dendrite Branches,1,,Filament,,,,64.000,,,1,,,100000000,
Filament No. Dendrite Branches,1,,Filament,,,,65.000,,,1,,,100000000,
Filament No. Dendrite Branches,1,,Filament,,,,66.000,,,1,,,100000000,
Filament No. Dendrite Branches,1,,Filament,,,,67.000,,,1,,,100000000,
Filament No. Dendrite Branches,1,,Filament,,,,68.000,,,1,,,100000000,
Filament No. Dendrite Branches,1,,Filament,,,,69.000,,,1,,,100000000,
Filament No. Dendrite Branches,1,,Filament,,,,70.000,,,1,,,100000000,
Filament No. Dendrite Branches,1,,Filament,,,,71.000,,,1,,,100000000,
Filament No. Dendrite Branches,1,,Filament,,,,72.000,,,1,,,100000000,
Filament No. Dendrite Branches,1,,Filament,,,,73.000,,,1,,,100000000,
Filament No. Dendrite Branches,1,,Filament,,,,74.000,,,1,,,100000000,
Filament No. Dendrite Branches,1,,Filament,,,,75.000,,,1,,,100000000,
Filament No. Dendrite Branches,1,,Filament,,,,76.000,,,1,,,100000000,
Filament No. Dendrite Branches,1,,Filament,,,,77.000,,,1,,,100000000,
Filament No. Dendrite Branches,1,,Filament,,,,78.000,,,1,,,100000000,
Filament No. Dendrite Branches,0,,Filament,,,,79.000,,,1,,,100000000,
Filament No. Dendrite Branches,0,,Filament,,,,0.000,,,1,,,100000001,
Filament No. Dendrite Branches,0,,Filament,,,,1.000,,,1,,,100000001,
Filament No. Dendrite Branches,0,,Filament,,,,2.000,,,1,,,100000001,
Filament No. Dendrite Branches,0,,Filament,,,,0.000,,,1,,,100000002,
Filament No. Dendrite Branches,0,,Filament,,,,0.000,,,1,,,100000003,
Filament No. Dendrite Branches,0,,Filament,,,,1.000,,,1,,,100000003,
Filament No. Dendrite Branches,0,,Filament,,,,2.000,,,1,,,100000003,
Filament No. Dendrite Branches,0,,Filament,,,,0.000,,,1,,,100000004,
Filament No. Dendrite Branches,0,,Filament,,,,0.000,,,1,,,100000005,
Filament No. Dendrite Branches,0,,Filament,,,,1.000,,,1,,,100000005,
Filament No. Dendrite Branches,0,,Filament,,,,2.000,,,1,,,100000005,
Filament No. Dendrite Branches,0,,Filament,,,,0.000,,,1,,,100000006,
Filament No. Dendrite Branches,0,,Filament,,,,0.000,,,1,,,100000007,
Filament No. Dendrite Branches,0,,Filament,,,,1.000,,,1,,,100000007,
Filament No. Dendrite Branches,0,,Filament,,,,2.000,,,1,,,100000007,
Filament No. Dendrite Branches,0,,Filament,,,,3.000,,,1,,,100000007,
Filament No. Dendrite Branches,0,,Filament,,,,0.000,,,1,,,100000008,
Filament No. Dendrite Branches,0,,Filament,,,,0.000,,,1,,,100000009,
Filament No. Dendrite Branches,0,,Filament,,,,0.000,,,1,,,100000010,
Filament No. Dendrite Branches,0,,Filament,,,,1.000,,,1,,,100000010,
Filament No. Dendrite Branches,0,,Filament,,,,2.000,,,1,,,100000010,
Filament No. Dendrite Branches,0,,Filament,,,,3.000,,,1,,,100000010,
Filament No. Dendrite Branches,0,,Filament,,,,0.000,,,1,,,100000011,
Filament No. Dendrite Branches,0,,Filament,,,,1.000,,,1,,,100000011,
Filament No. Dendrite Branches,0,,Filament,,,,2.000,,,1,,,100000011,
Filament No. Dendrite Branches,0,,Filament,,,,0.000,,,1,,,100000012,
Filament No. Dendrite Branches,0,,Filament,,,,1.000,,,1,,,100000012,
Filament No. Dendrite Branches,0,,Filament,,,,2.000,,,1,,,100000012,
Filament No. Dendrite Branches,0,,Filament,,,,0.000,,,1,,,100000013,
Filament No. Dendrite Branches,0,,Filament,,,,1.000,,,1,,,100000013,
Filament No. Dendrite Branches,0,,Filament,,,,2.000,,,1,,,100000013,
Filament No. Dendrite Branches,0,,Filament,,,,0.000,,,1,,,100000014,
Filament No. Dendrite Branches,0,,Filament,,,,1.000,,,1,,,100000014,
Filament No. Dendrite Branches,0,,Filament,,,,2.000,,,1,,,100000014,
Filament No. Dendrite Branches,0,,Filament,,,,0.000,,,1,,,100000015,
Filament No. Dendrite Branches,0,,Filament,,,,1.000,,,1,,,100000015,
Filament No. Dendrite Branches,0,,Filament,,,,2.000,,,1,,,100000015,
Filament No. Dendrite Branches,0,,Filament,,,,3.000,,,1,,,100000015,
Filament No. Dendrite Branches,0,,Filament,,,,0.000,,,1,,,100000016,
Filament No. Dendrite Branches,0,,Filament,,,,1.000,,,1,,,100000016,
Filament No. Dendrite Branches,0,,Filament,,,,2.000,,,1,,,100000016,
Filament No. Dendrite Branches,0,,Filament,,,,0.000,,,1,,,100000017,
Filament No. Dendrite Branches,0,,Filament,,,,1.000,,,1,,,100000017,
Filament No. Dendrite Branches,0,,Filament,,,,2.000,,,1,,,100000017,
Filament No. Dendrite Branches,0,,Filament,,,,3.000,,,1,,,100000017,
Filament No. Dendrite Branches,0,,Filament,,,,0.000,,,1,,,100000018,
Filament No. Dendrite Branches,0,,Filament,,,,0.000,,,1,,,100000019,
Filament No. Dendrite Branches,0,,Filament,,,,1.000,,,1,,,100000019,
Filament No. Dendrite Branches,0,,Filament,,,,2.000,,,1,,,100000019,
Filament No. Dendrite Branches,0,,Filament,,,,0.000,,,1,,,100000020,
Filament No. Dendrite Branches,0,,Filament,,,,0.000,,,1,,,100000021,
Filament No. Dendrite Branches,0,,Filament,,,,1.000,,,1,,,100000021,
Filament No. Dendrite Branches,0,,Filament,,,,2.000,,,1,,,100000021,
Filament No. Dendrite Branches,0,,Filament,,,,0.000,,,1,,,100000022,
Filament No. Dendrite Branches,0,,Filament,,,,0.000,,,1,,,100000023,
Filament No. Dendrite Branches,0,,Filament,,,,1.000,,,1,,,100000023,
Filament No. Dendrite Branches,0,,Filament,,,,2.000,,,1,,,100000023,
Filament No. Dendrite Branches,0,,Filament,,,,0.000,,,1,,,100000024,
Filament No. Dendrite Branches,0,,Filament,,,,0.000,,,1,,,100000025,
Filament No. Dendrite Branches,0,,Filament,,,,1.000,,,1,,,100000025,
Filament No. Dendrite Branches,0,,Filament,,,,2.000,,,1,,,100000025,
Filament No. Dendrite Branches,0,,Filament,,,,3.000,,,1,,,100000025,
Filament No. Dendrite Branches,0,,Filament,,,,0.000,,,1,,,100000026,
Filament No. Dendrite Branches,0,,Filament,,,,0.000,,,1,,,100000027,
Filament No. Dendrite Branches,0,,Filament,,,,1.000,,,1,,,100000027,
Filament No. Dendrite Branches,0,,Filament,,,,2.000,,,1,,,100000027,
Filament No. Dendrite Branches,0,,Filament,,,,0.000,,,1,,,100000028,
Filament No. Dendrite Branches,0,,Filament,,,,0.000,,,1,,,100000029,
Filament No. Dendrite Branches,0,,Filament,,,,1.000,,,1,,,100000029,
Filament No. Dendrite Branches,0,,Filament,,,,2.000,,,1,,,100000029,
Filament No. Dendrite Branches,0,,Filament,,,,3.000,,,1,,,100000029,
Filament No. Dendrite Branches,0,,Filament,,,,0.000,,,1,,,100000030,
Filament No. Dendrite Branches,0,,Filament,,,,0.000,,,1,,,100000031,
Filament No. Dendrite Branches,0,,Filament,,,,1.000,,,1,,,100000031,
Filament No. Dendrite Branches,0,,Filament,,,,2.000,,,1,,,100000031,
Filament No. Dendrite Branches,0,,Filament,,,,3.000,,,1,,,100000031,
Filament No. Dendrite Branches,0,,Filament,,,,0.000,,,1,,,100000032,
Filament No. Dendrite Branches,0,,Filament,,,,0.000,,,1,,,100000033,
Filament No. Dendrite Branches,0,,Filament,,,,1.000,,,1,,,100000033,
Filament No. Dendrite Branches,0,,Filament,,,,2.000,,,1,,,100000033,
Filament No. Dendrite Branches,0,,Filament,,,,3.000,,,1,,,100000033,
Filament No. Dendrite Branches,0,,Filament,,,,4.000,,,1,,,100000033,
Filament No. Dendrite Branches,0,,Filament,,,,5.000,,,1,,,100000033,
Filament No. Dendrite Branches,0,,Filament,,,,0.000,,,1,,,100000034,
Filament No. Dendrite Branches,0,,Filament,,,,0.000,,,1,,,100000035,
Filament No. Dendrite Branches,0,,Filament,,,,1.000,,,1,,,100000035,
Filament No. Dendrite Branches,0,,Filament,,,,2.000,,,1,,,100000035,
Filament No. Dendrite Branches,0,,Filament,,,,3.000,,,1,,,100000035,
Filament No. Dendrite Branches,0,,Filament,,,,0.000,,,1,,,100000036,
Filament No. Dendrite Branches,0,,Filament,,,,1.000,,,1,,,100000036,
Filament No. Dendrite Branches,0,,Filament,,,,2.000,,,1,,,100000036,
Filament No. Dendrite Branches,0,,Filament,,,,0.000,,,1,,,100000037,
Filament No. Dendrite Branches,0,,Filament,,,,1.000,,,1,,,100000037,
Filament No. Dendrite Branches,0,,Filament,,,,2.000,,,1,,,100000037,
Filament No. Dendrite Branches,0,,Filament,,,,3.000,,,1,,,100000037,
Filament No. Dendrite Branches,0,,Filament,,,,4.000,,,1,,,100000037,
Filament No. Dendrite Branches,0,,Filament,,,,0.000,,,1,,,100000038,
Filament No. Dendrite Branches,0,,Filament,,,,1.000,,,1,,,100000038,
Filament No. Dendrite Branches,0,,Filament,,,,2.000,,,1,,,100000038,
Filament No. Dendrite Branches,0,,Filament,,,,0.000,,,1,,,100000039,
Filament No. Dendrite Branches,0,,Filament,,,,1.000,,,1,,,100000039,
Filament No. Dendrite Branches,0,,Filament,,,,2.000,,,1,,,100000039,
Filament No. Dendrite Branches,0,,Filament,,,,3.000,,,1,,,100000039,
Filament No. Dendrite Branches,0,,Filament,,,,4.000,,,1,,,100000039,
Filament No. Dendrite Branches,0,,Filament,,,,0.000,,,1,,,100000040,
Filament No. Dendrite Branches,0,,Filament,,,,1.000,,,1,,,100000040,
Filament No. Dendrite Branches,0,,Filament,,,,2.000,,,1,,,100000040,
Filament No. Dendrite Branches,0,,Filament,,,,3.000,,,1,,,100000040,
Filament No. Dendrite Branches,0,,Filament,,,,0.000,,,1,,,100000041,
Filament No. Dendrite Branches,0,,Filament,,,,1.000,,,1,,,100000041,
Filament No. Dendrite Branches,0,,Filament,,,,2.000,,,1,,,100000041,
Filament No. Dendrite Branches,0,,Filament,,,,0.000,,,1,,,100000042,
Filament No. Dendrite Branches,0,,Filament,,,,0.000,,,1,,,100000043,
Filament No. Dendrite Branches,0,,Filament,,,,1.000,,,1,,,100000043,
Filament No. Dendrite Branches,0,,Filament,,,,2.000,,,1,,,100000043,
Filament No. Dendrite Branches,0,,Filament,,,,0.000,,,1,,,100000044,
Filament No. Dendrite Branches,0,,Filament,,,,0.000,,,1,,,100000045,
Filament No. Dendrite Branches,0,,Filament,,,,1.000,,,1,,,100000045,
Filament No. Dendrite Branches,0,,Filament,,,,2.000,,,1,,,100000045,
Filament No. Dendrite Branches,0,,Filament,,,,0.000,,,1,,,100000046,
Filament No. Dendrite Branches,0,,Filament,,,,0.000,,,1,,,100000047,
Filament No. Dendrite Branches,0,,Filament,,,,1.000,,,1,,,100000047,
Filament No. Dendrite Branches,0,,Filament,,,,2.000,,,1,,,100000047,
Filament No. Dendrite Branches,0,,Filament,,,,3.000,,,1,,,100000047,
Filament No. Dendrite Branches,0,,Filament,,,,4.000,,,1,,,100000047,
Filament No. Dendrite Branches,0,,Filament,,,,0.000,,,1,,,100000048,
Filament No. Dendrite Branches,0,,Filament,,,,1.000,,,1,,,100000048,
Filament No. Dendrite Branches,0,,Filament,,,,2.000,,,1,,,100000048,
Filament No. Dendrite Branches,0,,Filament,,,,0.000,,,1,,,100000049,
Filament No. Dendrite Branches,0,,Filament,,,,1.000,,,1,,,100000049,
Filament No. Dendrite Branches,0,,Filament,,,,2.000,,,1,,,100000049,
Filament No. Dendrite Branches,0,,Filament,,,,0.000,,,1,,,100000050,
Filament No. Dendrite Branches,0,,Filament,,,,0.000,,,1,,,100000051,
Filament No. Dendrite Branches,0,,Filament,,,,1.000,,,1,,,100000051,
Filament No. Dendrite Branches,0,,Filament,,,,2.000,,,1,,,100000051,
Filament No. Dendrite Branches,0,,Filament,,,,0.000,,,1,,,100000052,
Filament No. Dendrite Branches,0,,Filament,,,,0.000,,,1,,,100000053,
Filament No. Dendrite Branches,0,,Filament,,,,1.000,,,1,,,100000053,
Filament No. Dendrite Branches,0,,Filament,,,,2.000,,,1,,,100000053,
Filament No. Dendrite Branches,0,,Filament,,,,0.000,,,1,,,100000054,
Filament No. Dendrite Branches,0,,Filament,,,,0.000,,,1,,,100000055,
Filament No. Dendrite Branches,0,,Filament,,,,1.000,,,1,,,100000055,
Filament No. Dendrite Branches,0,,Filament,,,,2.000,,,1,,,100000055,
Filament No. Dendrite Branches,0,,Filament,,,,3.000,,,1,,,100000055,
Filament No. Dendrite Branches,0,,Filament,,,,4.000,,,1,,,100000055,
Filament No. Dendrite Branches,0,,Filament,,,,5.000,,,1,,,100000055,
Filament No. Dendrite Branches,0,,Filament,,,,6.000,,,1,,,100000055,
Filament No. Dendrite Branches,0,,Filament,,,,0.000,,,1,,,100000056,
Filament No. Dendrite Branches,0,,Filament,,,,1.000,,,1,,,100000056,
Filament No. Dendrite Branches,0,,Filament,,,,2.000,,,1,,,100000056,
Filament No. Dendrite Branches,0,,Filament,,,,0.000,,,1,,,100000057,
Filament No. Dendrite Branches,0,,Filament,,,,1.000,,,1,,,100000057,
Filament No. Dendrite Branches,0,,Filament,,,,2.000,,,1,,,100000057,
Filament No. Dendrite Branches,0,,Filament,,,,3.000,,,1,,,100000057,
Filament No. Dendrite Branches,0,,Filament,,,,0.000,,,1,,,100000058,
Filament No. Dendrite Branches,0,,Filament,,,,0.000,,,1,,,100000059,
Filament No. Dendrite Branches,0,,Filament,,,,1.000,,,1,,,100000059,
Filament No. Dendrite Branches,0,,Filament,,,,2.000,,,1,,,100000059,
Filament No. Dendrite Branches,0,,Filament,,,,3.000,,,1,,,100000059,
Filament No. Dendrite Branches,0,,Filament,,,,0.000,,,1,,,100000060,
Filament No. Dendrite Branches,0,,Filament,,,,0.000,,,1,,,100000061,
Filament No. Dendrite Branches,0,,Filament,,,,1.000,,,1,,,100000061,
Filament No. Dendrite Branches,0,,Filament,,,,2.000,,,1,,,100000061,
Filament No. Dendrite Branches,0,,Filament,,,,3.000,,,1,,,100000061,
Filament No. Dendrite Branches,0,,Filament,,,,0.000,,,1,,,100000062,
Filament No. Dendrite Branches,0,,Filament,,,,0.000,,,1,,,100000063,
Filament No. Dendrite Branches,0,,Filament,,,,1.000,,,1,,,100000063,
Filament No. Dendrite Branches,0,,Filament,,,,2.000,,,1,,,100000063,
Filament No. Dendrite Branches,0,,Filament,,,,3.000,,,1,,,100000063,
Filament No. Dendrite Branches,0,,Filament,,,,0.000,,,1,,,100000064,
Filament No. Dendrite Branches,0,,Filament,,,,0.000,,,1,,,100000065,
Filament No. Dendrite Branches,0,,Filament,,,,1.000,,,1,,,100000065,
Filament No. Dendrite Branches,0,,Filament,,,,2.000,,,1,,,100000065,
Filament No. Dendrite Branches,0,,Filament,,,,3.000,,,1,,,100000065,
Filament No. Dendrite Branches,0,,Filament,,,,0.000,,,1,,,100000066,
Filament No. Dendrite Branches,0,,Filament,,,,0.000,,,1,,,100000067,
Filament No. Dendrite Branches,0,,Filament,,,,1.000,,,1,,,100000067,
Filament No. Dendrite Branches,0,,Filament,,,,2.000,,,1,,,100000067,
Filament No. Dendrite Branches,0,,Filament,,,,0.000,,,1,,,100000068,
Filament No. Dendrite Branches,0,,Filament,,,,1.000,,,1,,,100000068,
Filament No. Dendrite Branches,0,,Filament,,,,2.000,,,1,,,100000068,
Filament No. Dendrite Branches,0,,Filament,,,,0.000,,,1,,,100000069,
Filament No. Dendrite Branches,0,,Filament,,,,1.000,,,1,,,100000069,
Filament No. Dendrite Branches,0,,Filament,,,,2.000,,,1,,,100000069,
Filament No. Dendrite Branches,0,,Filament,,,,0.000,,,1,,,100000070,
Filament No. Dendrite Branches,0,,Filament,,,,0.000,,,1,,,100000071,
Filament No. Dendrite Branches,0,,Filament,,,,1.000,,,1,,,100000071,
Filament No. Dendrite Branches,0,,Filament,,,,2.000,,,1,,,100000071,
Filament No. Dendrite Branches,0,,Filament,,,,3.000,,,1,,,100000071,
Filament No. Dendrite Branches,0,,Filament,,,,0.000,,,1,,,100000072,
Filament No. Dendrite Branches,0,,Filament,,,,0.000,,,1,,,100000073,
Filament No. Dendrite Branches,0,,Filament,,,,1.000,,,1,,,100000073,
Filament No. Dendrite Branches,0,,Filament,,,,2.000,,,1,,,100000073,
Filament No. Dendrite Branches,0,,Filament,,,,0.000,,,1,,,100000074,
Filament No. Dendrite Branches,0,,Filament,,,,0.000,,,1,,,100000075,
Filament No. Dendrite Branches,0,,Filament,,,,1.000,,,1,,,100000075,
Filament No. Dendrite Branches,0,,Filament,,,,2.000,,,1,,,100000075,
Filament No. Dendrite Branches,0,,Filament,,,,0.000,,,1,,,100000076,
Filament No. Dendrite Branches,0,,Filament,,,,0.000,,,1,,,100000077,
Filament No. Dendrite Branches,0,,Filament,,,,1.000,,,1,,,100000077,
Filament No. Dendrite Branches,0,,Filament,,,,2.000,,,1,,,100000077,
Filament No. Dendrite Branches,0,,Filament,,,,0.000,,,1,,,100000078,
Filament No. Dendrite Branches,0,,Filament,,,,0.000,,,1,,,100000079,
Filament No. Dendrite Branches,0,,Filament,,,,1.000,,,1,,,100000079,
Filament No. Dendrite Branches,0,,Filament,,,,2.000,,,1,,,100000079,
Filament No. Dendrite Branches,0,,Filament,,,,3.000,,,1,,,100000079,
Filament No. Dendrite Branches,0,,Filament,,,,4.000,,,1,,,100000079,
Filament No. Dendrite Branches,0,,Filament,,,,0.000,,,1,,,100000080,
Filament No. Dendrite Branches,0,,Filament,,,,0.000,,,1,,,100000081,
Filament No. Dendrite Branches,0,,Filament,,,,1.000,,,1,,,100000081,
Filament No. Dendrite Branches,0,,Filament,,,,2.000,,,1,,,100000081,
Filament No. Dendrite Branches,0,,Filament,,,,0.000,,,1,,,100000082,
Filament No. Dendrite Branches,0,,Filament,,,,0.000,,,1,,,100000083,
Filament No. Dendrite Branches,0,,Filament,,,,1.000,,,1,,,100000083,
Filament No. Dendrite Branches,0,,Filament,,,,2.000,,,1,,,100000083,
Filament No. Dendrite Branches,0,,Filament,,,,3.000,,,1,,,100000083,
Filament No. Dendrite Branches,0,,Filament,,,,0.000,,,1,,,100000084,
Filament No. Dendrite Branches,0,,Filament,,,,1.000,,,1,,,100000084,
Filament No. Dendrite Branches,0,,Filament,,,,2.000,,,1,,,100000084,
Filament No. Dendrite Branches,0,,Filament,,,,0.000,,,1,,,100000085,
Filament No. Dendrite Branches,0,,Filament,,,,1.000,,,1,,,100000085,
Filament No. Dendrite Branches,0,,Filament,,,,2.000,,,1,,,100000085,
Filament No. Dendrite Branches,0,,Filament,,,,0.000,,,1,,,100000086,
Filament No. Dendrite Branches,0,,Filament,,,,0.000,,,1,,,100000087,
Filament No. Dendrite Branches,0,,Filament,,,,1.000,,,1,,,100000087,
Filament No. Dendrite Branches,0,,Filament,,,,2.000,,,1,,,100000087,
Filament No. Dendrite Branches,0,,Filament,,,,0.000,,,1,,,100000088,
Filament No. Dendrite Segments,1,,Filament,,,,,,,1,,,100000000,
Filament No. Dendrite Segments,0,,Filament,,,,,,,1,,,100000001,
Filament No. Dendrite Segments,0,,Filament,,,,,,,1,,,100000002,
Filament No. Dendrite Segments,0,,Filament,,,,,,,1,,,100000003,
Filament No. Dendrite Segments,0,,Filament,,,,,,,1,,,100000004,
Filament No. Dendrite Segments,0,,Filament,,,,,,,1,,,100000005,
Filament No. Dendrite Segments,0,,Filament,,,,,,,1,,,100000006,
Filament No. Dendrite Segments,0,,Filament,,,,,,,1,,,100000007,
Filament No. Dendrite Segments,0,,Filament,,,,,,,1,,,100000008,
Filament No. Dendrite Segments,0,,Filament,,,,,,,1,,,100000009,
Filament No. Dendrite Segments,0,,Filament,,,,,,,1,,,100000010,
Filament No. Dendrite Segments,0,,Filament,,,,,,,1,,,100000011,
Filament No. Dendrite Segments,0,,Filament,,,,,,,1,,,100000012,
Filament No. Dendrite Segments,0,,Filament,,,,,,,1,,,100000013,
Filament No. Dendrite Segments,0,,Filament,,,,,,,1,,,100000014,
Filament No. Dendrite Segments,0,,Filament,,,,,,,1,,,100000015,
Filament No. Dendrite Segments,0,,Filament,,,,,,,1,,,100000016,
Filament No. Dendrite Segments,0,,Filament,,,,,,,1,,,100000017,
Filament No. Dendrite Segments,0,,Filament,,,,,,,1,,,100000018,
Filament No. Dendrite Segments,0,,Filament,,,,,,,1,,,100000019,
Filament No. Dendrite Segments,0,,Filament,,,,,,,1,,,100000020,
Filament No. Dendrite Segments,0,,Filament,,,,,,,1,,,100000021,
Filament No. Dendrite Segments,0,,Filament,,,,,,,1,,,100000022,
Filament No. Dendrite Segments,0,,Filament,,,,,,,1,,,100000023,
Filament No. Dendrite Segments,0,,Filament,,,,,,,1,,,100000024,
Filament No. Dendrite Segments,0,,Filament,,,,,,,1,,,100000025,
Filament No. Dendrite Segments,0,,Filament,,,,,,,1,,,100000026,
Filament No. Dendrite Segments,0,,Filament,,,,,,,1,,,100000027,
Filament No. Dendrite Segments,0,,Filament,,,,,,,1,,,100000028,
Filament No. Dendrite Segments,0,,Filament,,,,,,,1,,,100000029,
Filament No. Dendrite Segments,0,,Filament,,,,,,,1,,,100000030,
Filament No. Dendrite Segments,0,,Filament,,,,,,,1,,,100000031,
Filament No. Dendrite Segments,0,,Filament,,,,,,,1,,,100000032,
Filament No. Dendrite Segments,0,,Filament,,,,,,,1,,,100000033,
Filament No. Dendrite Segments,0,,Filament,,,,,,,1,,,100000034,
Filament No. Dendrite Segments,0,,Filament,,,,,,,1,,,100000035,
Filament No. Dendrite Segments,0,,Filament,,,,,,,1,,,100000036,
Filament No. Dendrite Segments,0,,Filament,,,,,,,1,,,100000037,
Filament No. Dendrite Segments,0,,Filament,,,,,,,1,,,100000038,
Filament No. Dendrite Segments,0,,Filament,,,,,,,1,,,100000039,
Filament No. Dendrite Segments,0,,Filament,,,,,,,1,,,100000040,
Filament No. Dendrite Segments,0,,Filament,,,,,,,1,,,100000041,
Filament No. Dendrite Segments,0,,Filament,,,,,,,1,,,100000042,
Filament No. Dendrite Segments,0,,Filament,,,,,,,1,,,100000043,
Filament No. Dendrite Segments,0,,Filament,,,,,,,1,,,100000044,
Filament No. Dendrite Segments,0,,Filament,,,,,,,1,,,100000045,
Filament No. Dendrite Segments,0,,Filament,,,,,,,1,,,100000046,
Filament No. Dendrite Segments,0,,Filament,,,,,,,1,,,100000047,
Filament No. Dendrite Segments,0,,Filament,,,,,,,1,,,100000048,
Filament No. Dendrite Segments,0,,Filament,,,,,,,1,,,100000049,
Filament No. Dendrite Segments,0,,Filament,,,,,,,1,,,100000050,
Filament No. Dendrite Segments,0,,Filament,,,,,,,1,,,100000051,
Filament No. Dendrite Segments,0,,Filament,,,,,,,1,,,100000052,
Filament No. Dendrite Segments,0,,Filament,,,,,,,1,,,100000053,
Filament No. Dendrite Segments,0,,Filament,,,,,,,1,,,100000054,
Filament No. Dendrite Segments,0,,Filament,,,,,,,1,,,100000055,
Filament No. Dendrite Segments,0,,Filament,,,,,,,1,,,100000056,
Filament No. Dendrite Segments,0,,Filament,,,,,,,1,,,100000057,
Filament No. Dendrite Segments,0,,Filament,,,,,,,1,,,100000058,
Filament No. Dendrite Segments,0,,Filament,,,,,,,1,,,100000059,
Filament No. Dendrite Segments,0,,Filament,,,,,,,1,,,100000060,
Filament No. Dendrite Segments,0,,Filament,,,,,,,1,,,100000061,
Filament No. Dendrite Segments,0,,Filament,,,,,,,1,,,100000062,
Filament No. Dendrite Segments,0,,Filament,,,,,,,1,,,100000063,
Filament No. Dendrite Segments,0,,Filament,,,,,,,1,,,100000064,
Filament No. Dendrite Segments,0,,Filament,,,,,,,1,,,100000065,
Filament No. Dendrite Segments,0,,Filament,,,,,,,1,,,100000066,
Filament No. Dendrite Segments,0,,Filament,,,,,,,1,,,100000067,
Filament No. Dendrite Segments,0,,Filament,,,,,,,1,,,100000068,
Filament No. Dendrite Segments,0,,Filament,,,,,,,1,,,100000069,
Filament No. Dendrite Segments,0,,Filament,,,,,,,1,,,100000070,
Filament No. Dendrite Segments,0,,Filament,,,,,,,1,,,100000071,
Filament No. Dendrite Segments,0,,Filament,,,,,,,1,,,100000072,
Filament No. Dendrite Segments,0,,Filament,,,,,,,1,,,100000073,
Filament No. Dendrite Segments,0,,Filament,,,,,,,1,,,100000074,
Filament No. Dendrite Segments,0,,Filament,,,,,,,1,,,100000075,
Filament No. Dendrite Segments,0,,Filament,,,,,,,1,,,100000076,
Filament No. Dendrite Segments,0,,Filament,,,,,,,1,,,100000077,
Filament No. Dendrite Segments,0,,Filament,,,,,,,1,,,100000078,
Filament No. Dendrite Segments,0,,Filament,,,,,,,1,,,100000079,
Filament No. Dendrite Segments,0,,Filament,,,,,,,1,,,100000080,
Filament No. Dendrite Segments,0,,Filament,,,,,,,1,,,100000081,
Filament No. Dendrite Segments,0,,Filament,,,,,,,1,,,100000082,
Filament No. Dendrite Segments,0,,Filament,,,,,,,1,,,100000083,
Filament No. Dendrite Segments,0,,Filament,,,,,,,1,,,100000084,
Filament No. Dendrite Segments,0,,Filament,,,,,,,1,,,100000085,
Filament No. Dendrite Segments,0,,Filament,,,,,,,1,,,100000086,
Filament No. Dendrite Segments,0,,Filament,,,,,,,1,,,100000087,
Filament No. Dendrite Segments,0,,Filament,,,,,,,1,,,100000088,
Filament No. Dendrite Terminal Pts,1,,Filament,,,,,,,1,,,100000000,
Filament No. Dendrite Terminal Pts,0,,Filament,,,,,,,1,,,100000001,
Filament No. Dendrite Terminal Pts,0,,Filament,,,,,,,1,,,100000002,
Filament No. Dendrite Terminal Pts,0,,Filament,,,,,,,1,,,100000003,
Filament No. Dendrite Terminal Pts,0,,Filament,,,,,,,1,,,100000004,
Filament No. Dendrite Terminal Pts,0,,Filament,,,,,,,1,,,100000005,
Filament No. Dendrite Terminal Pts,0,,Filament,,,,,,,1,,,100000006,
Filament No. Dendrite Terminal Pts,0,,Filament,,,,,,,1,,,100000007,
Filament No. Dendrite Terminal Pts,0,,Filament,,,,,,,1,,,100000008,
Filament No. Dendrite Terminal Pts,0,,Filament,,,,,,,1,,,100000009,
Filament No. Dendrite Terminal Pts,0,,Filament,,,,,,,1,,,100000010,
Filament No. Dendrite Terminal Pts,0,,Filament,,,,,,,1,,,100000011,
Filament No. Dendrite Terminal Pts,0,,Filament,,,,,,,1,,,100000012,
Filament No. Dendrite Terminal Pts,0,,Filament,,,,,,,1,,,100000013,
Filament No. Dendrite Terminal Pts,0,,Filament,,,,,,,1,,,100000014,
Filament No. Dendrite Terminal Pts,0,,Filament,,,,,,,1,,,100000015,
Filament No. Dendrite Terminal Pts,0,,Filament,,,,,,,1,,,100000016,
Filament No. Dendrite Terminal Pts,0,,Filament,,,,,,,1,,,100000017,
Filament No. Dendrite Terminal Pts,0,,Filament,,,,,,,1,,,100000018,
Filament No. Dendrite Terminal Pts,0,,Filament,,,,,,,1,,,100000019,
Filament No. Dendrite Terminal Pts,0,,Filament,,,,,,,1,,,100000020,
Filament No. Dendrite Terminal Pts,0,,Filament,,,,,,,1,,,100000021,
Filament No. Dendrite Terminal Pts,0,,Filament,,,,,,,1,,,100000022,
Filament No. Dendrite Terminal Pts,0,,Filament,,,,,,,1,,,100000023,
Filament No. Dendrite Terminal Pts,0,,Filament,,,,,,,1,,,100000024,
Filament No. Dendrite Terminal Pts,0,,Filament,,,,,,,1,,,100000025,
Filament No. Dendrite Terminal Pts,0,,Filament,,,,,,,1,,,100000026,
Filament No. Dendrite Terminal Pts,0,,Filament,,,,,,,1,,,100000027,
Filament No. Dendrite Terminal Pts,0,,Filament,,,,,,,1,,,100000028,
Filament No. Dendrite Terminal Pts,0,,Filament,,,,,,,1,,,100000029,
Filament No. Dendrite Terminal Pts,0,,Filament,,,,,,,1,,,100000030,
Filament No. Dendrite Terminal Pts,0,,Filament,,,,,,,1,,,100000031,
Filament No. Dendrite Terminal Pts,0,,Filament,,,,,,,1,,,100000032,
Filament No. Dendrite Terminal Pts,0,,Filament,,,,,,,1,,,100000033,
Filament No. Dendrite Terminal Pts,0,,Filament,,,,,,,1,,,100000034,
Filament No. Dendrite Terminal Pts,0,,Filament,,,,,,,1,,,100000035,
Filament No. Dendrite Terminal Pts,0,,Filament,,,,,,,1,,,100000036,
Filament No. Dendrite Terminal Pts,0,,Filament,,,,,,,1,,,100000037,
Filament No. Dendrite Terminal Pts,0,,Filament,,,,,,,1,,,100000038,
Filament No. Dendrite Terminal Pts,0,,Filament,,,,,,,1,,,100000039,
Filament No. Dendrite Terminal Pts,0,,Filament,,,,,,,1,,,100000040,
Filament No. Dendrite Terminal Pts,0,,Filament,,,,,,,1,,,100000041,
Filament No. Dendrite Terminal Pts,0,,Filament,,,,,,,1,,,100000042,
Filament No. Dendrite Terminal Pts,0,,Filament,,,,,,,1,,,100000043,
Filament No. Dendrite Terminal Pts,0,,Filament,,,,,,,1,,,100000044,
Filament No. Dendrite Terminal Pts,0,,Filament,,,,,,,1,,,100000045,
Filament No. Dendrite Terminal Pts,0,,Filament,,,,,,,1,,,100000046,
Filament No. Dendrite Terminal Pts,0,,Filament,,,,,,,1,,,100000047,
Filament No. Dendrite Terminal Pts,0,,Filament,,,,,,,1,,,100000048,
Filament No. Dendrite Terminal Pts,0,,Filament,,,,,,,1,,,100000049,
Filament No. Dendrite Terminal Pts,0,,Filament,,,,,,,1,,,100000050,
Filament No. Dendrite Terminal Pts,0,,Filament,,,,,,,1,,,100000051,
Filament No. Dendrite Terminal Pts,0,,Filament,,,,,,,1,,,100000052,
Filament No. Dendrite Terminal Pts,0,,Filament,,,,,,,1,,,100000053,
Filament No. Dendrite Terminal Pts,0,,Filament,,,,,,,1,,,100000054,
Filament No. Dendrite Terminal Pts,0,,Filament,,,,,,,1,,,100000055,
Filament No. Dendrite Terminal Pts,0,,Filament,,,,,,,1,,,100000056,
Filament No. Dendrite Terminal Pts,0,,Filament,,,,,,,1,,,100000057,
Filament No. Dendrite Terminal Pts,0,,Filament,,,,,,,1,,,100000058,
Filament No. Dendrite Terminal Pts,0,,Filament,,,,,,,1,,,100000059,
Filament No. Dendrite Terminal Pts,0,,Filament,,,,,,,1,,,100000060,
Filament No. Dendrite Terminal Pts,0,,Filament,,,,,,,1,,,100000061,
Filament No. Dendrite Terminal Pts,0,,Filament,,,,,,,1,,,100000062,
Filament No. Dendrite Terminal Pts,0,,Filament,,,,,,,1,,,100000063,
Filament No. Dendrite Terminal Pts,0,,Filament,,,,,,,1,,,100000064,
Filament No. Dendrite Terminal Pts,0,,Filament,,,,,,,1,,,100000065,
Filament No. Dendrite Terminal Pts,0,,Filament,,,,,,,1,,,100000066,
Filament No. Dendrite Terminal Pts,0,,Filament,,,,,,,1,,,100000067,
Filament No. Dendrite Terminal Pts,0,,Filament,,,,,,,1,,,100000068,
Filament No. Dendrite Terminal Pts,0,,Filament,,,,,,,1,,,100000069,
Filament No. Dendrite Terminal Pts,0,,Filament,,,,,,,1,,,100000070,
Filament No. Dendrite Terminal Pts,0,,Filament,,,,,,,1,,,100000071,
Filament No. Dendrite Terminal Pts,0,,Filament,,,,,,,1,,,100000072,
Filament No. Dendrite Terminal Pts,0,,Filament,,,,,,,1,,,100000073,
Filament No. Dendrite Terminal Pts,0,,Filament,,,,,,,1,,,100000074,
Filament No. Dendrite Terminal Pts,0,,Filament,,,,,,,1,,,100000075,
Filament No. Dendrite Terminal Pts,0,,Filament,,,,,,,1,,,100000076,
Filament No. Dendrite Terminal Pts,0,,Filament,,,,,,,1,,,100000077,
Filament No. Dendrite Terminal Pts,0,,Filament,,,,,,,1,,,100000078,
Filament No. Dendrite Terminal Pts,0,,Filament,,,,,,,1,,,100000079,
Filament No. Dendrite Terminal Pts,0,,Filament,,,,,,,1,,,100000080,
Filament No. Dendrite Terminal Pts,0,,Filament,,,,,,,1,,,100000081,
Filament No. Dendrite Terminal Pts,0,,Filament,,,,,,,1,,,100000082,
Filament No. Dendrite Terminal Pts,0,,Filament,,,,,,,1,,,100000083,
Filament No. Dendrite Terminal Pts,0,,Filament,,,,,,,1,,,100000084,
Filament No. Dendrite Terminal Pts,0,,Filament,,,,,,,1,,,100000085,
Filament No. Dendrite Terminal Pts,0,,Filament,,,,,,,1,,,100000086,
Filament No. Dendrite Terminal Pts,0,,Filament,,,,,,,1,,,100000087,
Filament No. Dendrite Terminal Pts,0,,Filament,,,,,,,1,,,100000088,
Filament No. Sholl Intersections,0,,Filament,,,,,,0.000,1,,,100000000,
Filament No. Sholl Intersections,0,,Filament,,,,,,1.000,1,,,100000000,
Filament No. Sholl Intersections,1,,Filament,,,,,,2.000,1,,,100000000,
Filament No. Sholl Intersections,1,,Filament,,,,,,3.000,1,,,100000000,
Filament No. Sholl Intersections,1,,Filament,,,,,,4.000,1,,,100000000,
Filament No. Sholl Intersections,1,,Filament,,,,,,5.000,1,,,100000000,
Filament No. Sholl Intersections,1,,Filament,,,,,,6.000,1,,,100000000,
Filament No. Sholl Intersections,1,,Filament,,,,,,7.000,1,,,100000000,
Filament No. Sholl Intersections,1,,Filament,,,,,,8.000,1,,,100000000,
Filament No. Sholl Intersections,1,,Filament,,,,,,9.000,1,,,100000000,
Filament No. Sholl Intersections,1,,Filament,,,,,,10.000,1,,,100000000,
Filament No. Sholl Intersections,1,,Filament,,,,,,11.000,1,,,100000000,
Filament No. Sholl Intersections,1,,Filament,,,,,,12.000,1,,,100000000,
Filament No. Sholl Intersections,1,,Filament,,,,,,13.000,1,,,100000000,
Filament No. Sholl Intersections,1,,Filament,,,,,,14.000,1,,,100000000,
Filament No. Sholl Intersections,1,,Filament,,,,,,15.000,1,,,100000000,
Filament No. Sholl Intersections,1,,Filament,,,,,,16.000,1,,,100000000,
Filament No. Sholl Intersections,1,,Filament,,,,,,17.000,1,,,100000000,
Filament No. Sholl Intersections,1,,Filament,,,,,,18.000,1,,,100000000,
Filament No. Sholl Intersections,1,,Filament,,,,,,19.000,1,,,100000000,
Filament No. Sholl Intersections,1,,Filament,,,,,,20.000,1,,,100000000,
Filament No. Sholl Intersections,1,,Filament,,,,,,21.000,1,,,100000000,
Filament No. Sholl Intersections,1,,Filament,,,,,,22.000,1,,,100000000,
Filament No. Sholl Intersections,1,,Filament,,,,,,23.000,1,,,100000000,
Filament No. Sholl Intersections,1,,Filament,,,,,,24.000,1,,,100000000,
Filament No. Sholl Intersections,1,,Filament,,,,,,25.000,1,,,100000000,
Filament No. Sholl Intersections,1,,Filament,,,,,,26.000,1,,,100000000,
Filament No. Sholl Intersections,1,,Filament,,,,,,27.000,1,,,100000000,
Filament No. Sholl Intersections,1,,Filament,,,,,,28.000,1,,,100000000,
Filament No. Sholl Intersections,1,,Filament,,,,,,29.000,1,,,100000000,
Filament No. Sholl Intersections,1,,Filament,,,,,,30.000,1,,,100000000,
Filament No. Sholl Intersections,1,,Filament,,,,,,31.000,1,,,100000000,
Filament No. Sholl Intersections,1,,Filament,,,,,,32.000,1,,,100000000,
Filament No. Sholl Intersections,1,,Filament,,,,,,33.000,1,,,100000000,
Filament No. Sholl Intersections,1,,Filament,,,,,,34.000,1,,,100000000,
Filament No. Sholl Intersections,1,,Filament,,,,,,35.000,1,,,100000000,
Filament No. Sholl Intersections,1,,Filament,,,,,,36.000,1,,,100000000,
Filament No. Sholl Intersections,1,,Filament,,,,,,37.000,1,,,100000000,
Filament No. Sholl Intersections,1,,Filament,,,,,,38.000,1,,,100000000,
Filament No. Sholl Intersections,1,,Filament,,,,,,39.000,1,,,100000000,
Filament No. Sholl Intersections,1,,Filament,,,,,,40.000,1,,,100000000,
Filament No. Sholl Intersections,1,,Filament,,,,,,41.000,1,,,100000000,
Filament No. Sholl Intersections,1,,Filament,,,,,,42.000,1,,,100000000,
Filament No. Sholl Intersections,1,,Filament,,,,,,43.000,1,,,100000000,
Filament No. Sholl Intersections,1,,Filament,,,,,,44.000,1,,,100000000,
Filament No. Sholl Intersections,1,,Filament,,,,,,45.000,1,,,100000000,
Filament No. Sholl Intersections,1,,Filament,,,,,,46.000,1,,,100000000,
Filament No. Sholl Intersections,1,,Filament,,,,,,47.000,1,,,100000000,
Filament No. Sholl Intersections,1,,Filament,,,,,,48.000,1,,,100000000,
Filament No. Sholl Intersections,1,,Filament,,,,,,49.000,1,,,100000000,
Filament No. Sholl Intersections,1,,Filament,,,,,,50.000,1,,,100000000,
Filament No. Sholl Intersections,1,,Filament,,,,,,51.000,1,,,100000000,
Filament No. Sholl Intersections,1,,Filament,,,,,,52.000,1,,,100000000,
Filament No. Sholl Intersections,1,,Filament,,,,,,53.000,1,,,100000000,
Filament No. Sholl Intersections,1,,Filament,,,,,,54.000,1,,,100000000,
Filament No. Sholl Intersections,1,,Filament,,,,,,55.000,1,,,100000000,
Filament No. Sholl Intersections,1,,Filament,,,,,,56.000,1,,,100000000,
Filament No. Sholl Intersections,1,,Filament,,,,,,57.000,1,,,100000000,
Filament No. Sholl Intersections,1,,Filament,,,,,,58.000,1,,,100000000,
Filament No. Sholl Intersections,1,,Filament,,,,,,59.000,1,,,100000000,
Filament No. Sholl Intersections,1,,Filament,,,,,,60.000,1,,,100000000,
Filament No. Sholl Intersections,1,,Filament,,,,,,61.000,1,,,100000000,
Filament No. Sholl Intersections,1,,Filament,,,,,,62.000,1,,,100000000,
Filament No. Sholl Intersections,1,,Filament,,,,,,63.000,1,,,100000000,
Filament No. Sholl Intersections,1,,Filament,,,,,,64.000,1,,,100000000,
Filament No. Sholl Intersections,1,,Filament,,,,,,65.000,1,,,100000000,
Filament No. Sholl Intersections,1,,Filament,,,,,,66.000,1,,,100000000,
Filament No. Sholl Intersections,1,,Filament,,,,,,67.000,1,,,100000000,
Filament No. Sholl Intersections,1,,Filament,,,,,,68.000,1,,,100000000,
Filament No. Sholl Intersections,1,,Filament,,,,,,69.000,1,,,100000000,
Filament No. Sholl Intersections,1,,Filament,,,,,,70.000,1,,,100000000,
Filament No. Sholl Intersections,1,,Filament,,,,,,71.000,1,,,100000000,
Filament No. Sholl Intersections,1,,Filament,,,,,,72.000,1,,,100000000,
Filament No. Sholl Intersections,1,,Filament,,,,,,73.000,1,,,100000000,
Filament No. Sholl Intersections,0,,Filament,,,,,,74.000,1,,,100000000,
Filament No. Sholl Intersections,0,,Filament,,,,,,0.000,1,,,100000001,
Filament No. Sholl Intersections,0,,Filament,,,,,,1.000,1,,,100000001,
Filament No. Sholl Intersections,0,,Filament,,,,,,0.000,1,,,100000002,
Filament No. Sholl Intersections,0,,Filament,,,,,,1.000,1,,,100000002,
Filament No. Sholl Intersections,0,,Filament,,,,,,0.000,1,,,100000003,
Filament No. Sholl Intersections,0,,Filament,,,,,,1.000,1,,,100000003,
Filament No. Sholl Intersections,0,,Filament,,,,,,0.000,1,,,100000004,
Filament No. Sholl Intersections,0,,Filament,,,,,,1.000,1,,,100000004,
Filament No. Sholl Intersections,0,,Filament,,,,,,0.000,1,,,100000005,
Filament No. Sholl Intersections,0,,Filament,,,,,,1.000,1,,,100000005,
Filament No. Sholl Intersections,0,,Filament,,,,,,0.000,1,,,100000006,
Filament No. Sholl Intersections,0,,Filament,,,,,,1.000,1,,,100000006,
Filament No. Sholl Intersections,0,,Filament,,,,,,0.000,1,,,100000007,
Filament No. Sholl Intersections,0,,Filament,,,,,,1.000,1,,,100000007,
Filament No. Sholl Intersections,0,,Filament,,,,,,0.000,1,,,100000008,
Filament No. Sholl Intersections,0,,Filament,,,,,,1.000,1,,,100000008,
Filament No. Sholl Intersections,0,,Filament,,,,,,0.000,1,,,100000009,
Filament No. Sholl Intersections,0,,Filament,,,,,,1.000,1,,,100000009,
Filament No. Sholl Intersections,0,,Filament,,,,,,0.000,1,,,100000010,
Filament No. Sholl Intersections,0,,Filament,,,,,,1.000,1,,,100000010,
Filament No. Sholl Intersections,0,,Filament,,,,,,0.000,1,,,100000011,
Filament No. Sholl Intersections,0,,Filament,,,,,,1.000,1,,,100000011,
Filament No. Sholl Intersections,0,,Filament,,,,,,0.000,1,,,100000012,
Filament No. Sholl Intersections,0,,Filament,,,,,,1.000,1,,,100000012,
Filament No. Sholl Intersections,0,,Filament,,,,,,0.000,1,,,100000013,
Filament No. Sholl Intersections,0,,Filament,,,,,,1.000,1,,,100000013,
Filament No. Sholl Intersections,0,,Filament,,,,,,0.000,1,,,100000014,
Filament No. Sholl Intersections,0,,Filament,,,,,,1.000,1,,,100000014,
Filament No. Sholl Intersections,0,,Filament,,,,,,0.000,1,,,100000015,
Filament No. Sholl Intersections,0,,Filament,,,,,,1.000,1,,,100000015,
Filament No. Sholl Intersections,0,,Filament,,,,,,0.000,1,,,100000016,
Filament No. Sholl Intersections,0,,Filament,,,,,,1.000,1,,,100000016,
Filament No. Sholl Intersections,0,,Filament,,,,,,0.000,1,,,100000017,
Filament No. Sholl Intersections,0,,Filament,,,,,,1.000,1,,,100000017,
Filament No. Sholl Intersections,0,,Filament,,,,,,0.000,1,,,100000018,
Filament No. Sholl Intersections,0,,Filament,,,,,,1.000,1,,,100000018,
Filament No. Sholl Intersections,0,,Filament,,,,,,0.000,1,,,100000019,
Filament No. Sholl Intersections,0,,Filament,,,,,,1.000,1,,,100000019,
Filament No. Sholl Intersections,0,,Filament,,,,,,0.000,1,,,100000020,
Filament No. Sholl Intersections,0,,Filament,,,,,,1.000,1,,,100000020,
Filament No. Sholl Intersections,0,,Filament,,,,,,0.000,1,,,100000021,
Filament No. Sholl Intersections,0,,Filament,,,,,,1.000,1,,,100000021,
Filament No. Sholl Intersections,0,,Filament,,,,,,0.000,1,,,100000022,
Filament No. Sholl Intersections,0,,Filament,,,,,,1.000,1,,,100000022,
Filament No. Sholl Intersections,0,,Filament,,,,,,0.000,1,,,100000023,
Filament No. Sholl Intersections,0,,Filament,,,,,,1.000,1,,,100000023,
Filament No. Sholl Intersections,0,,Filament,,,,,,0.000,1,,,100000024,
Filament No. Sholl Intersections,0,,Filament,,,,,,1.000,1,,,100000024,
Filament No. Sholl Intersections,0,,Filament,,,,,,0.000,1,,,100000025,
Filament No. Sholl Intersections,0,,Filament,,,,,,1.000,1,,,100000025,
Filament No. Sholl Intersections,0,,Filament,,,,,,0.000,1,,,100000026,
Filament No. Sholl Intersections,0,,Filament,,,,,,1.000,1,,,100000026,
Filament No. Sholl Intersections,0,,Filament,,,,,,0.000,1,,,100000027,
Filament No. Sholl Intersections,0,,Filament,,,,,,1.000,1,,,100000027,
Filament No. Sholl Intersections,0,,Filament,,,,,,0.000,1,,,100000028,
Filament No. Sholl Intersections,0,,Filament,,,,,,1.000,1,,,100000028,
Filament No. Sholl Intersections,0,,Filament,,,,,,0.000,1,,,100000029,
Filament No. Sholl Intersections,0,,Filament,,,,,,1.000,1,,,100000029,
Filament No. Sholl Intersections,0,,Filament,,,,,,0.000,1,,,100000030,
Filament No. Sholl Intersections,0,,Filament,,,,,,1.000,1,,,100000030,
Filament No. Sholl Intersections,0,,Filament,,,,,,0.000,1,,,100000031,
Filament No. Sholl Intersections,0,,Filament,,,,,,1.000,1,,,100000031,
Filament No. Sholl Intersections,0,,Filament,,,,,,0.000,1,,,100000032,
Filament No. Sholl Intersections,0,,Filament,,,,,,1.000,1,,,100000032,
Filament No. Sholl Intersections,0,,Filament,,,,,,0.000,1,,,100000033,
Filament No. Sholl Intersections,0,,Filament,,,,,,1.000,1,,,100000033,
Filament No. Sholl Intersections,0,,Filament,,,,,,0.000,1,,,100000034,
Filament No. Sholl Intersections,0,,Filament,,,,,,1.000,1,,,100000034,
Filament No. Sholl Intersections,0,,Filament,,,,,,0.000,1,,,100000035,
Filament No. Sholl Intersections,0,,Filament,,,,,,1.000,1,,,100000035,
Filament No. Sholl Intersections,0,,Filament,,,,,,0.000,1,,,100000036,
Filament No. Sholl Intersections,0,,Filament,,,,,,1.000,1,,,100000036,
Filament No. Sholl Intersections,0,,Filament,,,,,,0.000,1,,,100000037,
Filament No. Sholl Intersections,0,,Filament,,,,,,1.000,1,,,100000037,
Filament No. Sholl Intersections,0,,Filament,,,,,,0.000,1,,,100000038,
Filament No. Sholl Intersections,0,,Filament,,,,,,1.000,1,,,100000038,
Filament No. Sholl Intersections,0,,Filament,,,,,,0.000,1,,,100000039,
Filament No. Sholl Intersections,0,,Filament,,,,,,1.000,1,,,100000039,
Filament No. Sholl Intersections,0,,Filament,,,,,,0.000,1,,,100000040,
Filament No. Sholl Intersections,0,,Filament,,,,,,1.000,1,,,100000040,
Filament No. Sholl Intersections,0,,Filament,,,,,,0.000,1,,,100000041,
Filament No. Sholl Intersections,0,,Filament,,,,,,1.000,1,,,100000041,
Filament No. Sholl Intersections,0,,Filament,,,,,,0.000,1,,,100000042,
Filament No. Sholl Intersections,0,,Filament,,,,,,1.000,1,,,100000042,
Filament No. Sholl Intersections,0,,Filament,,,,,,0.000,1,,,100000043,
Filament No. Sholl Intersections,0,,Filament,,,,,,1.000,1,,,100000043,
Filament No. Sholl Intersections,0,,Filament,,,,,,0.000,1,,,100000044,
Filament No. Sholl Intersections,0,,Filament,,,,,,1.000,1,,,100000044,
Filament No. Sholl Intersections,0,,Filament,,,,,,0.000,1,,,100000045,
Filament No. Sholl Intersections,0,,Filament,,,,,,1.000,1,,,100000045,
Filament No. Sholl Intersections,0,,Filament,,,,,,0.000,1,,,100000046,
Filament No. Sholl Intersections,0,,Filament,,,,,,1.000,1,,,100000046,
Filament No. Sholl Intersections,0,,Filament,,,,,,0.000,1,,,100000047,
Filament No. Sholl Intersections,0,,Filament,,,,,,1.000,1,,,100000047,
Filament No. Sholl Intersections,0,,Filament,,,,,,0.000,1,,,100000048,
Filament No. Sholl Intersections,0,,Filament,,,,,,1.000,1,,,100000048,
Filament No. Sholl Intersections,0,,Filament,,,,,,0.000,1,,,100000049,
Filament No. Sholl Intersections,0,,Filament,,,,,,1.000,1,,,100000049,
Filament No. Sholl Intersections,0,,Filament,,,,,,0.000,1,,,100000050,
Filament No. Sholl Intersections,0,,Filament,,,,,,1.000,1,,,100000050,
Filament No. Sholl Intersections,0,,Filament,,,,,,0.000,1,,,100000051,
Filament No. Sholl Intersections,0,,Filament,,,,,,1.000,1,,,100000051,
Filament No. Sholl Intersections,0,,Filament,,,,,,0.000,1,,,100000052,
Filament No. Sholl Intersections,0,,Filament,,,,,,1.000,1,,,100000052,
Filament No. Sholl Intersections,0,,Filament,,,,,,0.000,1,,,100000053,
Filament No. Sholl Intersections,0,,Filament,,,,,,1.000,1,,,100000053,
Filament No. Sholl Intersections,0,,Filament,,,,,,0.000,1,,,100000054,
Filament No. Sholl Intersections,0,,Filament,,,,,,1.000,1,,,100000054,
Filament No. Sholl Intersections,0,,Filament,,,,,,0.000,1,,,100000055,
Filament No. Sholl Intersections,0,,Filament,,,,,,1.000,1,,,100000055,
Filament No. Sholl Intersections,0,,Filament,,,,,,0.000,1,,,100000056,
Filament No. Sholl Intersections,0,,Filament,,,,,,1.000,1,,,100000056,
Filament No. Sholl Intersections,0,,Filament,,,,,,0.000,1,,,100000057,
Filament No. Sholl Intersections,0,,Filament,,,,,,1.000,1,,,100000057,
Filament No. Sholl Intersections,0,,Filament,,,,,,0.000,1,,,100000058,
Filament No. Sholl Intersections,0,,Filament,,,,,,1.000,1,,,100000058,
Filament No. Sholl Intersections,0,,Filament,,,,,,0.000,1,,,100000059,
Filament No. Sholl Intersections,0,,Filament,,,,,,1.000,1,,,100000059,
Filament No. Sholl Intersections,0,,Filament,,,,,,0.000,1,,,100000060,
Filament No. Sholl Intersections,0,,Filament,,,,,,1.000,1,,,100000060,
Filament No. Sholl Intersections,0,,Filament,,,,,,0.000,1,,,100000061,
Filament No. Sholl Intersections,0,,Filament,,,,,,1.000,1,,,100000061,
Filament No. Sholl Intersections,0,,Filament,,,,,,0.000,1,,,100000062,
Filament No. Sholl Intersections,0,,Filament,,,,,,1.000,1,,,100000062,
Filament No. Sholl Intersections,0,,Filament,,,,,,0.000,1,,,100000063,
Filament No. Sholl Intersections,0,,Filament,,,,,,1.000,1,,,100000063,
Filament No. Sholl Intersections,0,,Filament,,,,,,0.000,1,,,100000064,
Filament No. Sholl Intersections,0,,Filament,,,,,,1.000,1,,,100000064,
Filament No. Sholl Intersections,0,,Filament,,,,,,0.000,1,,,100000065,
Filament No. Sholl Intersections,0,,Filament,,,,,,1.000,1,,,100000065,
Filament No. Sholl Intersections,0,,Filament,,,,,,0.000,1,,,100000066,
Filament No. Sholl Intersections,0,,Filament,,,,,,1.000,1,,,100000066,
Filament No. Sholl Intersections,0,,Filament,,,,,,0.000,1,,,100000067,
Filament No. Sholl Intersections,0,,Filament,,,,,,1.000,1,,,100000067,
Filament No. Sholl Intersections,0,,Filament,,,,,,0.000,1,,,100000068,
Filament No. Sholl Intersections,0,,Filament,,,,,,1.000,1,,,100000068,
Filament No. Sholl Intersections,0,,Filament,,,,,,0.000,1,,,100000069,
Filament No. Sholl Intersections,0,,Filament,,,,,,1.000,1,,,100000069,
Filament No. Sholl Intersections,0,,Filament,,,,,,0.000,1,,,100000070,
Filament No. Sholl Intersections,0,,Filament,,,,,,1.000,1,,,100000070,
Filament No. Sholl Intersections,0,,Filament,,,,,,0.000,1,,,100000071,
Filament No. Sholl Intersections,0,,Filament,,,,,,1.000,1,,,100000071,
Filament No. Sholl Intersections,0,,Filament,,,,,,0.000,1,,,100000072,
Filament No. Sholl Intersections,0,,Filament,,,,,,1.000,1,,,100000072,
Filament No. Sholl Intersections,0,,Filament,,,,,,0.000,1,,,100000073,
Filament No. Sholl Intersections,0,,Filament,,,,,,1.000,1,,,100000073,
Filament No. Sholl Intersections,0,,Filament,,,,,,0.000,1,,,100000074,
Filament No. Sholl Intersections,0,,Filament,,,,,,1.000,1,,,100000074,
Filament No. Sholl Intersections,0,,Filament,,,,,,0.000,1,,,100000075,
Filament No. Sholl Intersections,0,,Filament,,,,,,1.000,1,,,100000075,
Filament No. Sholl Intersections,0,,Filament,,,,,,0.000,1,,,100000076,
Filament No. Sholl Intersections,0,,Filament,,,,,,1.000,1,,,100000076,
Filament No. Sholl Intersections,0,,Filament,,,,,,0.000,1,,,100000077,
Filament No. Sholl Intersections,0,,Filament,,,,,,1.000,1,,,100000077,
Filament No. Sholl Intersections,0,,Filament,,,,,,0.000,1,,,100000078,
Filament No. Sholl Intersections,0,,Filament,,,,,,1.000,1,,,100000078,
Filament No. Sholl Intersections,0,,Filament,,,,,,0.000,1,,,100000079,
Filament No. Sholl Intersections,0,,Filament,,,,,,1.000,1,,,100000079,
Filament No. Sholl Intersections,0,,Filament,,,,,,0.000,1,,,100000080,
Filament No. Sholl Intersections,0,,Filament,,,,,,1.000,1,,,100000080,
Filament No. Sholl Intersections,0,,Filament,,,,,,0.000,1,,,100000081,
Filament No. Sholl Intersections,0,,Filament,,,,,,1.000,1,,,100000081,
Filament No. Sholl Intersections,0,,Filament,,,,,,0.000,1,,,100000082,
Filament No. Sholl Intersections,0,,Filament,,,,,,1.000,1,,,100000082,
Filament No. Sholl Intersections,0,,Filament,,,,,,0.000,1,,,100000083,
Filament No. Sholl Intersections,0,,Filament,,,,,,1.000,1,,,100000083,
Filament No. Sholl Intersections,0,,Filament,,,,,,0.000,1,,,100000084,
Filament No. Sholl Intersections,0,,Filament,,,,,,1.000,1,,,100000084,
Filament No. Sholl Intersections,0,,Filament,,,,,,0.000,1,,,100000085,
Filament No. Sholl Intersections,0,,Filament,,,,,,1.000,1,,,100000085,
Filament No. Sholl Intersections,0,,Filament,,,,,,0.000,1,,,100000086,
Filament No. Sholl Intersections,0,,Filament,,,,,,1.000,1,,,100000086,
Filament No. Sholl Intersections,0,,Filament,,,,,,0.000,1,,,100000087,
Filament No. Sholl Intersections,0,,Filament,,,,,,1.000,1,,,100000087,
Filament No. Sholl Intersections,0,,Filament,,,,,,0.000,1,,,100000088,
Filament No. Sholl Intersections,0,,Filament,,,,,,1.000,1,,,100000088,
Filament No. Spine Branch Pts,0,,Filament,,,,,,,1,,,100000000,
Filament No. Spine Branch Pts,0,,Filament,,,,,,,1,,,100000001,
Filament No. Spine Branch Pts,0,,Filament,,,,,,,1,,,100000002,
Filament No. Spine Branch Pts,0,,Filament,,,,,,,1,,,100000003,
Filament No. Spine Branch Pts,0,,Filament,,,,,,,1,,,100000004,
Filament No. Spine Branch Pts,0,,Filament,,,,,,,1,,,100000005,
Filament No. Spine Branch Pts,0,,Filament,,,,,,,1,,,100000006,
Filament No. Spine Branch Pts,0,,Filament,,,,,,,1,,,100000007,
Filament No. Spine Branch Pts,0,,Filament,,,,,,,1,,,100000008,
Filament No. Spine Branch Pts,0,,Filament,,,,,,,1,,,100000009,
Filament No. Spine Branch Pts,0,,Filament,,,,,,,1,,,100000010,
Filament No. Spine Branch Pts,0,,Filament,,,,,,,1,,,100000011,
Filament No. Spine Branch Pts,0,,Filament,,,,,,,1,,,100000012,
Filament No. Spine Branch Pts,0,,Filament,,,,,,,1,,,100000013,
Filament No. Spine Branch Pts,0,,Filament,,,,,,,1,,,100000014,
Filament No. Spine Branch Pts,0,,Filament,,,,,,,1,,,100000015,
Filament No. Spine Branch Pts,0,,Filament,,,,,,,1,,,100000016,
Filament No. Spine Branch Pts,0,,Filament,,,,,,,1,,,100000017,
Filament No. Spine Branch Pts,0,,Filament,,,,,,,1,,,100000018,
Filament No. Spine Branch Pts,0,,Filament,,,,,,,1,,,100000019,
Filament No. Spine Branch Pts,0,,Filament,,,,,,,1,,,100000020,
Filament No. Spine Branch Pts,0,,Filament,,,,,,,1,,,100000021,
Filament No. Spine Branch Pts,0,,Filament,,,,,,,1,,,100000022,
Filament No. Spine Branch Pts,0,,Filament,,,,,,,1,,,100000023,
Filament No. Spine Branch Pts,0,,Filament,,,,,,,1,,,100000024,
Filament No. Spine Branch Pts,0,,Filament,,,,,,,1,,,100000025,
Filament No. Spine Branch Pts,0,,Filament,,,,,,,1,,,100000026,
Filament No. Spine Branch Pts,0,,Filament,,,,,,,1,,,100000027,
Filament No. Spine Branch Pts,0,,Filament,,,,,,,1,,,100000028,
Filament No. Spine Branch Pts,0,,Filament,,,,,,,1,,,100000029,
Filament No. Spine Branch Pts,0,,Filament,,,,,,,1,,,100000030,
Filament No. Spine Branch Pts,0,,Filament,,,,,,,1,,,100000031,
Filament No. Spine Branch Pts,0,,Filament,,,,,,,1,,,100000032,
Filament No. Spine Branch Pts,0,,Filament,,,,,,,1,,,100000033,
Filament No. Spine Branch Pts,0,,Filament,,,,,,,1,,,100000034,
Filament No. Spine Branch Pts,0,,Filament,,,,,,,1,,,100000035,
Filament No. Spine Branch Pts,0,,Filament,,,,,,,1,,,100000036,
Filament No. Spine Branch Pts,0,,Filament,,,,,,,1,,,100000037,
Filament No. Spine Branch Pts,0,,Filament,,,,,,,1,,,100000038,
Filament No. Spine Branch Pts,0,,Filament,,,,,,,1,,,100000039,
Filament No. Spine Branch Pts,0,,Filament,,,,,,,1,,,100000040,
Filament No. Spine Branch Pts,0,,Filament,,,,,,,1,,,100000041,
Filament No. Spine Branch Pts,0,,Filament,,,,,,,1,,,100000042,
Filament No. Spine Branch Pts,0,,Filament,,,,,,,1,,,100000043,
Filament No. Spine Branch Pts,0,,Filament,,,,,,,1,,,100000044,
Filament No. Spine Branch Pts,0,,Filament,,,,,,,1,,,100000045,
Filament No. Spine Branch Pts,0,,Filament,,,,,,,1,,,100000046,
Filament No. Spine Branch Pts,0,,Filament,,,,,,,1,,,100000047,
Filament No. Spine Branch Pts,0,,Filament,,,,,,,1,,,100000048,
Filament No. Spine Branch Pts,0,,Filament,,,,,,,1,,,100000049,
Filament No. Spine Branch Pts,0,,Filament,,,,,,,1,,,100000050,
Filament No. Spine Branch Pts,0,,Filament,,,,,,,1,,,100000051,
Filament No. Spine Branch Pts,0,,Filament,,,,,,,1,,,100000052,
Filament No. Spine Branch Pts,0,,Filament,,,,,,,1,,,100000053,
Filament No. Spine Branch Pts,0,,Filament,,,,,,,1,,,100000054,
Filament No. Spine Branch Pts,0,,Filament,,,,,,,1,,,100000055,
Filament No. Spine Branch Pts,0,,Filament,,,,,,,1,,,100000056,
Filament No. Spine Branch Pts,0,,Filament,,,,,,,1,,,100000057,
Filament No. Spine Branch Pts,0,,Filament,,,,,,,1,,,100000058,
Filament No. Spine Branch Pts,0,,Filament,,,,,,,1,,,100000059,
Filament No. Spine Branch Pts,0,,Filament,,,,,,,1,,,100000060,
Filament No. Spine Branch Pts,0,,Filament,,,,,,,1,,,100000061,
Filament No. Spine Branch Pts,0,,Filament,,,,,,,1,,,100000062,
Filament No. Spine Branch Pts,0,,Filament,,,,,,,1,,,100000063,
Filament No. Spine Branch Pts,0,,Filament,,,,,,,1,,,100000064,
Filament No. Spine Branch Pts,0,,Filament,,,,,,,1,,,100000065,
Filament No. Spine Branch Pts,0,,Filament,,,,,,,1,,,100000066,
Filament No. Spine Branch Pts,0,,Filament,,,,,,,1,,,100000067,
Filament No. Spine Branch Pts,0,,Filament,,,,,,,1,,,100000068,
Filament No. Spine Branch Pts,0,,Filament,,,,,,,1,,,100000069,
Filament No. Spine Branch Pts,0,,Filament,,,,,,,1,,,100000070,
Filament No. Spine Branch Pts,0,,Filament,,,,,,,1,,,100000071,
Filament No. Spine Branch Pts,0,,Filament,,,,,,,1,,,100000072,
Filament No. Spine Branch Pts,0,,Filament,,,,,,,1,,,100000073,
Filament No. Spine Branch Pts,0,,Filament,,,,,,,1,,,100000074,
Filament No. Spine Branch Pts,0,,Filament,,,,,,,1,,,100000075,
Filament No. Spine Branch Pts,0,,Filament,,,,,,,1,,,100000076,
Filament No. Spine Branch Pts,0,,Filament,,,,,,,1,,,100000077,
Filament No. Spine Branch Pts,0,,Filament,,,,,,,1,,,100000078,
Filament No. Spine Branch Pts,0,,Filament,,,,,,,1,,,100000079,
Filament No. Spine Branch Pts,0,,Filament,,,,,,,1,,,100000080,
Filament No. Spine Branch Pts,0,,Filament,,,,,,,1,,,100000081,
Filament No. Spine Branch Pts,0,,Filament,,,,,,,1,,,100000082,
Filament No. Spine Branch Pts,0,,Filament,,,,,,,1,,,100000083,
Filament No. Spine Branch Pts,0,,Filament,,,,,,,1,,,100000084,
Filament No. Spine Branch Pts,0,,Filament,,,,,,,1,,,100000085,
Filament No. Spine Branch Pts,0,,Filament,,,,,,,1,,,100000086,
Filament No. Spine Branch Pts,0,,Filament,,,,,,,1,,,100000087,
Filament No. Spine Branch Pts,0,,Filament,,,,,,,1,,,100000088,
Filament No. Spine Segments,2,,Filament,,,,,,,1,,,100000000,
Filament No. Spine Segments,1,,Filament,,,,,,,1,,,100000001,
Filament No. Spine Segments,0,,Filament,,,,,,,1,,,100000002,
Filament No. Spine Segments,1,,Filament,,,,,,,1,,,100000003,
Filament No. Spine Segments,0,,Filament,,,,,,,1,,,100000004,
Filament No. Spine Segments,1,,Filament,,,,,,,1,,,100000005,
Filament No. Spine Segments,0,,Filament,,,,,,,1,,,100000006,
Filament No. Spine Segments,1,,Filament,,,,,,,1,,,100000007,
Filament No. Spine Segments,0,,Filament,,,,,,,1,,,100000008,
Filament No. Spine Segments,0,,Filament,,,,,,,1,,,100000009,
Filament No. Spine Segments,1,,Filament,,,,,,,1,,,100000010,
Filament No. Spine Segments,1,,Filament,,,,,,,1,,,100000011,
Filament No. Spine Segments,1,,Filament,,,,,,,1,,,100000012,
Filament No. Spine Segments,1,,Filament,,,,,,,1,,,100000013,
Filament No. Spine Segments,1,,Filament,,,,,,,1,,,100000014,
Filament No. Spine Segments,1,,Filament,,,,,,,1,,,100000015,
Filament No. Spine Segments,1,,Filament,,,,,,,1,,,100000016,
Filament No. Spine Segments,1,,Filament,,,,,,,1,,,100000017,
Filament No. Spine Segments,0,,Filament,,,,,,,1,,,100000018,
Filament No. Spine Segments,1,,Filament,,,,,,,1,,,100000019,
Filament No. Spine Segments,0,,Filament,,,,,,,1,,,100000020,
Filament No. Spine Segments,1,,Filament,,,,,,,1,,,100000021,
Filament No. Spine Segments,0,,Filament,,,,,,,1,,,100000022,
Filament No. Spine Segments,1,,Filament,,,,,,,1,,,100000023,
Filament No. Spine Segments,0,,Filament,,,,,,,1,,,100000024,
Filament No. Spine Segments,1,,Filament,,,,,,,1,,,100000025,
Filament No. Spine Segments,0,,Filament,,,,,,,1,,,100000026,
Filament No. Spine Segments,1,,Filament,,,,,,,1,,,100000027,
Filament No. Spine Segments,0,,Filament,,,,,,,1,,,100000028,
Filament No. Spine Segments,1,,Filament,,,,,,,1,,,100000029,
Filament No. Spine Segments,0,,Filament,,,,,,,1,,,100000030,
Filament No. Spine Segments,1,,Filament,,,,,,,1,,,100000031,
Filament No. Spine Segments,0,,Filament,,,,,,,1,,,100000032,
Filament No. Spine Segments,1,,Filament,,,,,,,1,,,100000033,
Filament No. Spine Segments,0,,Filament,,,,,,,1,,,100000034,
Filament No. Spine Segments,1,,Filament,,,,,,,1,,,100000035,
Filament No. Spine Segments,1,,Filament,,,,,,,1,,,100000036,
Filament No. Spine Segments,1,,Filament,,,,,,,1,,,100000037,
Filament No. Spine Segments,1,,Filament,,,,,,,1,,,100000038,
Filament No. Spine Segments,1,,Filament,,,,,,,1,,,100000039,
Filament No. Spine Segments,1,,Filament,,,,,,,1,,,100000040,
Filament No. Spine Segments,1,,Filament,,,,,,,1,,,100000041,
Filament No. Spine Segments,0,,Filament,,,,,,,1,,,100000042,
Filament No. Spine Segments,1,,Filament,,,,,,,1,,,100000043,
Filament No. Spine Segments,0,,Filament,,,,,,,1,,,100000044,
Filament No. Spine Segments,1,,Filament,,,,,,,1,,,100000045,
Filament No. Spine Segments,0,,Filament,,,,,,,1,,,100000046,
Filament No. Spine Segments,1,,Filament,,,,,,,1,,,100000047,
Filament No. Spine Segments,1,,Filament,,,,,,,1,,,100000048,
Filament No. Spine Segments,1,,Filament,,,,,,,1,,,100000049,
Filament No. Spine Segments,0,,Filament,,,,,,,1,,,100000050,
Filament No. Spine Segments,1,,Filament,,,,,,,1,,,100000051,
Filament No. Spine Segments,0,,Filament,,,,,,,1,,,100000052,
Filament No. Spine Segments,1,,Filament,,,,,,,1,,,100000053,
Filament No. Spine Segments,0,,Filament,,,,,,,1,,,100000054,
Filament No. Spine Segments,1,,Filament,,,,,,,1,,,100000055,
Filament No. Spine Segments,1,,Filament,,,,,,,1,,,100000056,
Filament No. Spine Segments,1,,Filament,,,,,,,1,,,100000057,
Filament No. Spine Segments,0,,Filament,,,,,,,1,,,100000058,
Filament No. Spine Segments,1,,Filament,,,,,,,1,,,100000059,
Filament No. Spine Segments,0,,Filament,,,,,,,1,,,100000060,
Filament No. Spine Segments,1,,Filament,,,,,,,1,,,100000061,
Filament No. Spine Segments,0,,Filament,,,,,,,1,,,100000062,
Filament No. Spine Segments,1,,Filament,,,,,,,1,,,100000063,
Filament No. Spine Segments,0,,Filament,,,,,,,1,,,100000064,
Filament No. Spine Segments,1,,Filament,,,,,,,1,,,100000065,
Filament No. Spine Segments,0,,Filament,,,,,,,1,,,100000066,
Filament No. Spine Segments,1,,Filament,,,,,,,1,,,100000067,
Filament No. Spine Segments,1,,Filament,,,,,,,1,,,100000068,
Filament No. Spine Segments,1,,Filament,,,,,,,1,,,100000069,
Filament No. Spine Segments,0,,Filament,,,,,,,1,,,100000070,
Filament No. Spine Segments,1,,Filament,,,,,,,1,,,100000071,
Filament No. Spine Segments,0,,Filament,,,,,,,1,,,100000072,
Filament No. Spine Segments,1,,Filament,,,,,,,1,,,100000073,
Filament No. Spine Segments,0,,Filament,,,,,,,1,,,100000074,
Filament No. Spine Segments,1,,Filament,,,,,,,1,,,100000075,
Filament No. Spine Segments,0,,Filament,,,,,,,1,,,100000076,
Filament No. Spine Segments,1,,Filament,,,,,,,1,,,100000077,
Filament No. Spine Segments,0,,Filament,,,,,,,1,,,100000078,
Filament No. Spine Segments,1,,Filament,,,,,,,1,,,100000079,
Filament No. Spine Segments,0,,Filament,,,,,,,1,,,100000080,
Filament No. Spine Segments,1,,Filament,,,,,,,1,,,100000081,
Filament No. Spine Segments,0,,Filament,,,,,,,1,,,100000082,
Filament No. Spine Segments,1,,Filament,,,,,,,1,,,100000083,
Filament No. Spine Segments,1,,Filament,,,,,,,1,,,100000084,
Filament No. Spine Segments,1,,Filament,,,,,,,1,,,100000085,
Filament No. Spine Segments,0,,Filament,,,,,,,1,,,100000086,
Filament No. Spine Segments,1,,Filament,,,,,,,1,,,100000087,
Filament No. Spine Segments,0,,Filament,,,,,,,1,,,100000088,
Filament No. Spine Terminal Pts,2,,Filament,,,,,,,1,,,100000000,
Filament No. Spine Terminal Pts,1,,Filament,,,,,,,1,,,100000001,
Filament No. Spine Terminal Pts,0,,Filament,,,,,,,1,,,100000002,
Filament No. Spine Terminal Pts,1,,Filament,,,,,,,1,,,100000003,
Filament No. Spine Terminal Pts,0,,Filament,,,,,,,1,,,100000004,
Filament No. Spine Terminal Pts,1,,Filament,,,,,,,1,,,100000005,
Filament No. Spine Terminal Pts,0,,Filament,,,,,,,1,,,100000006,
Filament No. Spine Terminal Pts,1,,Filament,,,,,,,1,,,100000007,
Filament No. Spine Terminal Pts,0,,Filament,,,,,,,1,,,100000008,
Filament No. Spine Terminal Pts,0,,Filament,,,,,,,1,,,100000009,
Filament No. Spine Terminal Pts,1,,Filament,,,,,,,1,,,100000010,
Filament No. Spine Terminal Pts,1,,Filament,,,,,,,1,,,100000011,
Filament No. Spine Terminal Pts,1,,Filament,,,,,,,1,,,100000012,
Filament No. Spine Terminal Pts,1,,Filament,,,,,,,1,,,100000013,
Filament No. Spine Terminal Pts,1,,Filament,,,,,,,1,,,100000014,
Filament No. Spine Terminal Pts,1,,Filament,,,,,,,1,,,100000015,
Filament No. Spine Terminal Pts,1,,Filament,,,,,,,1,,,100000016,
Filament No. Spine Terminal Pts,1,,Filament,,,,,,,1,,,100000017,
Filament No. Spine Terminal Pts,0,,Filament,,,,,,,1,,,100000018,
Filament No. Spine Terminal Pts,1,,Filament,,,,,,,1,,,100000019,
Filament No. Spine Terminal Pts,0,,Filament,,,,,,,1,,,100000020,
Filament No. Spine Terminal Pts,1,,Filament,,,,,,,1,,,100000021,
Filament No. Spine Terminal Pts,0,,Filament,,,,,,,1,,,100000022,
Filament No. Spine Terminal Pts,1,,Filament,,,,,,,1,,,100000023,
Filament No. Spine Terminal Pts,0,,Filament,,,,,,,1,,,100000024,
Filament No. Spine Terminal Pts,1,,Filament,,,,,,,1,,,100000025,
Filament No. Spine Terminal Pts,0,,Filament,,,,,,,1,,,100000026,
Filament No. Spine Terminal Pts,1,,Filament,,,,,,,1,,,100000027,
Filament No. Spine Terminal Pts,0,,Filament,,,,,,,1,,,100000028,
Filament No. Spine Terminal Pts,1,,Filament,,,,,,,1,,,100000029,
Filament No. Spine Terminal Pts,0,,Filament,,,,,,,1,,,100000030,
Filament No. Spine Terminal Pts,1,,Filament,,,,,,,1,,,100000031,
Filament No. Spine Terminal Pts,0,,Filament,,,,,,,1,,,100000032,
Filament No. Spine Terminal Pts,1,,Filament,,,,,,,1,,,100000033,
Filament No. Spine Terminal Pts,0,,Filament,,,,,,,1,,,100000034,
Filament No. Spine Terminal Pts,1,,Filament,,,,,,,1,,,100000035,
Filament No. Spine Terminal Pts,1,,Filament,,,,,,,1,,,100000036,
Filament No. Spine Terminal Pts,1,,Filament,,,,,,,1,,,100000037,
Filament No. Spine Terminal Pts,1,,Filament,,,,,,,1,,,100000038,
Filament No. Spine Terminal Pts,1,,Filament,,,,,,,1,,,100000039,
Filament No. Spine Terminal Pts,1,,Filament,,,,,,,1,,,100000040,
Filament No. Spine Terminal Pts,1,,Filament,,,,,,,1,,,100000041,
Filament No. Spine Terminal Pts,0,,Filament,,,,,,,1,,,100000042,
Filament No. Spine Terminal Pts,1,,Filament,,,,,,,1,,,100000043,
Filament No. Spine Terminal Pts,0,,Filament,,,,,,,1,,,100000044,
Filament No. Spine Terminal Pts,1,,Filament,,,,,,,1,,,100000045,
Filament No. Spine Terminal Pts,0,,Filament,,,,,,,1,,,100000046,
Filament No. Spine Terminal Pts,1,,Filament,,,,,,,1,,,100000047,
Filament No. Spine Terminal Pts,1,,Filament,,,,,,,1,,,100000048,
Filament No. Spine Terminal Pts,1,,Filament,,,,,,,1,,,100000049,
Filament No. Spine Terminal Pts,0,,Filament,,,,,,,1,,,100000050,
Filament No. Spine Terminal Pts,1,,Filament,,,,,,,1,,,100000051,
Filament No. Spine Terminal Pts,0,,Filament,,,,,,,1,,,100000052,
Filament No. Spine Terminal Pts,1,,Filament,,,,,,,1,,,100000053,
Filament No. Spine Terminal Pts,0,,Filament,,,,,,,1,,,100000054,
Filament No. Spine Terminal Pts,1,,Filament,,,,,,,1,,,100000055,
Filament No. Spine Terminal Pts,1,,Filament,,,,,,,1,,,100000056,
Filament No. Spine Terminal Pts,1,,Filament,,,,,,,1,,,100000057,
Filament No. Spine Terminal Pts,0,,Filament,,,,,,,1,,,100000058,
Filament No. Spine Terminal Pts,1,,Filament,,,,,,,1,,,100000059,
Filament No. Spine Terminal Pts,0,,Filament,,,,,,,1,,,100000060,
Filament No. Spine Terminal Pts,1,,Filament,,,,,,,1,,,100000061,
Filament No. Spine Terminal Pts,0,,Filament,,,,,,,1,,,100000062,
Filament No. Spine Terminal Pts,1,,Filament,,,,,,,1,,,100000063,
Filament No. Spine Terminal Pts,0,,Filament,,,,,,,1,,,100000064,
Filament No. Spine Terminal Pts,1,,Filament,,,,,,,1,,,100000065,
Filament No. Spine Terminal Pts,0,,Filament,,,,,,,1,,,100000066,
Filament No. Spine Terminal Pts,1,,Filament,,,,,,,1,,,100000067,
Filament No. Spine Terminal Pts,1,,Filament,,,,,,,1,,,100000068,
Filament No. Spine Terminal Pts,1,,Filament,,,,,,,1,,,100000069,
Filament No. Spine Terminal Pts,0,,Filament,,,,,,,1,,,100000070,
Filament No. Spine Terminal Pts,1,,Filament,,,,,,,1,,,100000071,
Filament No. Spine Terminal Pts,0,,Filament,,,,,,,1,,,100000072,
Filament No. Spine Terminal Pts,1,,Filament,,,,,,,1,,,100000073,
Filament No. Spine Terminal Pts,0,,Filament,,,,,,,1,,,100000074,
Filament No. Spine Terminal Pts,1,,Filament,,,,,,,1,,,100000075,
Filament No. Spine Terminal Pts,0,,Filament,,,,,,,1,,,100000076,
Filament No. Spine Terminal Pts,1,,Filament,,,,,,,1,,,100000077,
Filament No. Spine Terminal Pts,0,,Filament,,,,,,,1,,,100000078,
Filament No. Spine Terminal Pts,1,,Filament,,,,,,,1,,,100000079,
Filament No. Spine Terminal Pts,0,,Filament,,,,,,,1,,,100000080,
Filament No. Spine Terminal Pts,1,,Filament,,,,,,,1,,,100000081,
Filament No. Spine Terminal Pts,0,,Filament,,,,,,,1,,,100000082,
Filament No. Spine Terminal Pts,1,,Filament,,,,,,,1,,,100000083,
Filament No. Spine Terminal Pts,1,,Filament,,,,,,,1,,,100000084,
Filament No. Spine Terminal Pts,1,,Filament,,,,,,,1,,,100000085,
Filament No. Spine Terminal Pts,0,,Filament,,,,,,,1,,,100000086,
Filament No. Spine Terminal Pts,1,,Filament,,,,,,,1,,,100000087,
Filament No. Spine Terminal Pts,0,,Filament,,,,,,,1,,,100000088,
Filament No. Unconnected Parts,1,,Filament,,,,,,,1,,,100000000,
Filament No. Unconnected Parts,1,,Filament,,,,,,,1,,,100000001,
Filament No. Unconnected Parts,0,,Filament,,,,,,,1,,,100000002,
Filament No. Unconnected Parts,1,,Filament,,,,,,,1,,,100000003,
Filament No. Unconnected Parts,0,,Filament,,,,,,,1,,,100000004,
Filament No. Unconnected Parts,1,,Filament,,,,,,,1,,,100000005,
Filament No. Unconnected Parts,0,,Filament,,,,,,,1,,,100000006,
Filament No. Unconnected Parts,1,,Filament,,,,,,,1,,,100000007,
Filament No. Unconnected Parts,0,,Filament,,,,,,,1,,,100000008,
Filament No. Unconnected Parts,0,,Filament,,,,,,,1,,,100000009,
Filament No. Unconnected Parts,1,,Filament,,,,,,,1,,,100000010,
Filament No. Unconnected Parts,1,,Filament,,,,,,,1,,,100000011,
Filament No. Unconnected Parts,1,,Filament,,,,,,,1,,,100000012,
Filament No. Unconnected Parts,1,,Filament,,,,,,,1,,,100000013,
Filament No. Unconnected Parts,1,,Filament,,,,,,,1,,,100000014,
Filament No. Unconnected Parts,1,,Filament,,,,,,,1,,,100000015,
Filament No. Unconnected Parts,1,,Filament,,,,,,,1,,,100000016,
Filament No. Unconnected Parts,1,,Filament,,,,,,,1,,,100000017,
Filament No. Unconnected Parts,0,,Filament,,,,,,,1,,,100000018,
Filament No. Unconnected Parts,1,,Filament,,,,,,,1,,,100000019,
Filament No. Unconnected Parts,0,,Filament,,,,,,,1,,,100000020,
Filament No. Unconnected Parts,1,,Filament,,,,,,,1,,,100000021,
Filament No. Unconnected Parts,0,,Filament,,,,,,,1,,,100000022,
Filament No. Unconnected Parts,1,,Filament,,,,,,,1,,,100000023,
Filament No. Unconnected Parts,0,,Filament,,,,,,,1,,,100000024,
Filament No. Unconnected Parts,1,,Filament,,,,,,,1,,,100000025,
Filament No. Unconnected Parts,0,,Filament,,,,,,,1,,,100000026,
Filament No. Unconnected Parts,1,,Filament,,,,,,,1,,,100000027,
Filament No. Unconnected Parts,0,,Filament,,,,,,,1,,,100000028,
Filament No. Unconnected Parts,1,,Filament,,,,,,,1,,,100000029,
Filament No. Unconnected Parts,0,,Filament,,,,,,,1,,,100000030,
Filament No. Unconnected Parts,1,,Filament,,,,,,,1,,,100000031,
Filament No. Unconnected Parts,0,,Filament,,,,,,,1,,,100000032,
Filament No. Unconnected Parts,1,,Filament,,,,,,,1,,,100000033,
Filament No. Unconnected Parts,0,,Filament,,,,,,,1,,,100000034,
Filament No. Unconnected Parts,1,,Filament,,,,,,,1,,,100000035,
Filament No. Unconnected Parts,1,,Filament,,,,,,,1,,,100000036,
Filament No. Unconnected Parts,1,,Filament,,,,,,,1,,,100000037,
Filament No. Unconnected Parts,1,,Filament,,,,,,,1,,,100000038,
Filament No. Unconnected Parts,1,,Filament,,,,,,,1,,,100000039,
Filament No. Unconnected Parts,1,,Filament,,,,,,,1,,,100000040,
Filament No. Unconnected Parts,1,,Filament,,,,,,,1,,,100000041,
Filament No. Unconnected Parts,0,,Filament,,,,,,,1,,,100000042,
Filament No. Unconnected Parts,1,,Filament,,,,,,,1,,,100000043,
Filament No. Unconnected Parts,0,,Filament,,,,,,,1,,,100000044,
Filament No. Unconnected Parts,1,,Filament,,,,,,,1,,,100000045,
Filament No. Unconnected Parts,0,,Filament,,,,,,,1,,,100000046,
Filament No. Unconnected Parts,1,,Filament,,,,,,,1,,,100000047,
Filament No. Unconnected Parts,1,,Filament,,,,,,,1,,,100000048,
Filament No. Unconnected Parts,1,,Filament,,,,,,,1,,,100000049,
Filament No. Unconnected Parts,0,,Filament,,,,,,,1,,,100000050,
Filament No. Unconnected Parts,1,,Filament,,,,,,,1,,,100000051,
Filament No. Unconnected Parts,0,,Filament,,,,,,,1,,,100000052,
Filament No. Unconnected Parts,1,,Filament,,,,,,,1,,,100000053,
Filament No. Unconnected Parts,0,,Filament,,,,,,,1,,,100000054,
Filament No. Unconnected Parts,1,,Filament,,,,,,,1,,,100000055,
Filament No. Unconnected Parts,1,,Filament,,,,,,,1,,,100000056,
Filament No. Unconnected Parts,1,,Filament,,,,,,,1,,,100000057,
Filament No. Unconnected Parts,0,,Filament,,,,,,,1,,,100000058,
Filament No. Unconnected Parts,1,,Filament,,,,,,,1,,,100000059,
Filament No. Unconnected Parts,0,,Filament,,,,,,,1,,,100000060,
Filament No. Unconnected Parts,1,,Filament,,,,,,,1,,,100000061,
Filament No. Unconnected Parts,0,,Filament,,,,,,,1,,,100000062,
Filament No. Unconnected Parts,1,,Filament,,,,,,,1,,,100000063,
Filament No. Unconnected Parts,0,,Filament,,,,,,,1,,,100000064,
Filament No. Unconnected Parts,1,,Filament,,,,,,,1,,,100000065,
Filament No. Unconnected Parts,0,,Filament,,,,,,,1,,,100000066,
Filament No. Unconnected Parts,1,,Filament,,,,,,,1,,,100000067,
Filament No. Unconnected Parts,1,,Filament,,,,,,,1,,,100000068,
Filament No. Unconnected Parts,1,,Filament,,,,,,,1,,,100000069,
Filament No. Unconnected Parts,0,,Filament,,,,,,,1,,,100000070,
Filament No. Unconnected Parts,1,,Filament,,,,,,,1,,,100000071,
Filament No. Unconnected Parts,0,,Filament,,,,,,,1,,,100000072,
Filament No. Unconnected Parts,1,,Filament,,,,,,,1,,,100000073,
Filament No. Unconnected Parts,0,,Filament,,,,,,,1,,,100000074,
Filament No. Unconnected Parts,1,,Filament,,,,,,,1,,,100000075,
Filament No. Unconnected Parts,0,,Filament,,,,,,,1,,,100000076,
Filament No. Unconnected Parts,1,,Filament,,,,,,,1,,,100000077,
Filament No. Unconnected Parts,0,,Filament,,,,,,,1,,,100000078,
Filament No. Unconnected Parts,1,,Filament,,,,,,,1,,,100000079,
Filament No. Unconnected Parts,0,,Filament,,,,,,,1,,,100000080,
Filament No. Unconnected Parts,1,,Filament,,,,,,,1,,,100000081,
Filament No. Unconnected Parts,0,,Filament,,,,,,,1,,,100000082,
Filament No. Unconnected Parts,1,,Filament,,,,,,,1,,,100000083,
Filament No. Unconnected Parts,1,,Filament,,,,,,,1,,,100000084,
Filament No. Unconnected Parts,1,,Filament,,,,,,,1,,,100000085,
Filament No. Unconnected Parts,0,,Filament,,,,,,,1,,,100000086,
Filament No. Unconnected Parts,1,,Filament,,,,,,,1,,,100000087,
Filament No. Unconnected Parts,0,,Filament,,,,,,,1,,,100000088,
Filament Position X,17.2886,um,Filament,,Filament Position,,,,,1,,,100000000,
Filament Position X,10.7369,um,Filament,,Filament Position,,,,,1,,,100000001,
Filament Position X,9.98101,um,Filament,,Filament Position,,,,,1,,,100000002,
Filament Position X,9.3637,um,Filament,,Filament Position,,,,,1,,,100000003,
Filament Position X,8.52345,um,Filament,,Filament Position,,,,,1,,,100000004,
Filament Position X,10.2125,um,Filament,,Filament Position,,,,,1,,,100000005,
Filament Position X,10.787,um,Filament,,Filament Position,,,,,1,,,100000006,
Filament Position X,8.52453,um,Filament,,Filament Position,,,,,1,,,100000007,
Filament Position X,7.426,um,Filament,,Filament Position,,,,,1,,,100000008,
Filament Position X,8.16335,um,Filament,,Filament Position,,,,,1,,,100000009,
Filament Position X,10.4073,um,Filament,,Filament Position,,,,,1,,,100000010,
Filament Position X,10.9914,um,Filament,,Filament Position,,,,,1,,,100000011,
Filament Position X,6.72157,um,Filament,,Filament Position,,,,,1,,,100000012,
Filament Position X,8.64212,um,Filament,,Filament Position,,,,,1,,,100000013,
Filament Position X,8.09339,um,Filament,,Filament Position,,,,,1,,,100000014,
Filament Position X,9.79531,um,Filament,,Filament Position,,,,,1,,,100000015,
Filament Position X,10.9999,um,Filament,,Filament Position,,,,,1,,,100000016,
Filament Position X,10.9773,um,Filament,,Filament Position,,,,,1,,,100000017,
Filament Position X,11.3532,um,Filament,,Filament Position,,,,,1,,,100000018,
Filament Position X,11.6132,um,Filament,,Filament Position,,,,,1,,,100000019,
Filament Position X,11.5932,um,Filament,,Filament Position,,,,,1,,,100000020,
Filament Position X,9.50978,um,Filament,,Filament Position,,,,,1,,,100000021,
Filament Position X,8.84959,um,Filament,,Filament Position,,,,,1,,,100000022,
Filament Position X,10.3157,um,Filament,,Filament Position,,,,,1,,,100000023,
Filament Position X,9.75842,um,Filament,,Filament Position,,,,,1,,,100000024,
Filament Position X,12.2549,um,Filament,,Filament Position,,,,,1,,,100000025,
Filament Position X,12.8793,um,Filament,,Filament Position,,,,,1,,,100000026,
Filament Position X,13.0336,um,Filament,,Filament Position,,,,,1,,,100000027,
Filament Position X,13.651,um,Filament,,Filament Position,,,,,1,,,100000028,
Filament Position X,13.5624,um,Filament,,Filament Position,,,,,1,,,100000029,
Filament Position X,14.354,um,Filament,,Filament Position,,,,,1,,,100000030,
Filament Position X,11.4743,um,Filament,,Filament Position,,,,,1,,,100000031,
Filament Position X,10.7358,um,Filament,,Filament Position,,,,,1,,,100000032,
Filament Position X,10.8602,um,Filament,,Filament Position,,,,,1,,,100000033,
Filament Position X,9.00392,um,Filament,,Filament Position,,,,,1,,,100000034,
Filament Position X,10.4197,um,Filament,,Filament Position,,,,,1,,,100000035,
Filament Position X,9.5698,um,Filament,,Filament Position,,,,,1,,,100000036,
Filament Position X,12.1091,um,Filament,,Filament Position,,,,,1,,,100000037,
Filament Position X,10.9249,um,Filament,,Filament Position,,,,,1,,,100000038,
Filament Position X,13.003,um,Filament,,Filament Position,,,,,1,,,100000039,
Filament Position X,11.295,um,Filament,,Filament Position,,,,,1,,,100000040,
Filament Position X,15.9513,um,Filament,,Filament Position,,,,,1,,,100000041,
Filament Position X,16.2943,um,Filament,,Filament Position,,,,,1,,,100000042,
Filament Position X,16.097,um,Filament,,Filament Position,,,,,1,,,100000043,
Filament Position X,17.306,um,Filament,,Filament Position,,,,,1,,,100000044,
Filament Position X,16.0885,um,Filament,,Filament Position,,,,,1,,,100000045,
Filament Position X,16.6715,um,Filament,,Filament Position,,,,,1,,,100000046,
Filament Position X,13.631,um,Filament,,Filament Position,,,,,1,,,100000047,
Filament Position X,12.7018,um,Filament,,Filament Position,,,,,1,,,100000048,
Filament Position X,17.2308,um,Filament,,Filament Position,,,,,1,,,100000049,
Filament Position X,17.5823,um,Filament,,Filament Position,,,,,1,,,100000050,
Filament Position X,15.5246,um,Filament,,Filament Position,,,,,1,,,100000051,
Filament Position X,14.7701,um,Filament,,Filament Position,,,,,1,,,100000052,
Filament Position X,16.1848,um,Filament,,Filament Position,,,,,1,,,100000053,
Filament Position X,15.6446,um,Filament,,Filament Position,,,,,1,,,100000054,
Filament Position X,18.4695,um,Filament,,Filament Position,,,,,1,,,100000055,
Filament Position X,16.9079,um,Filament,,Filament Position,,,,,1,,,100000056,
Filament Position X,21.3205,um,Filament,,Filament Position,,,,,1,,,100000057,
Filament Position X,22.4209,um,Filament,,Filament Position,,,,,1,,,100000058,
Filament Position X,23.3611,um,Filament,,Filament Position,,,,,1,,,100000059,
Filament Position X,24.5129,um,Filament,,Filament Position,,,,,1,,,100000060,
Filament Position X,26.6068,um,Filament,,Filament Position,,,,,1,,,100000061,
Filament Position X,27.277,um,Filament,,Filament Position,,,,,1,,,100000062,
Filament Position X,23.3387,um,Filament,,Filament Position,,,,,1,,,100000063,
Filament Position X,21.9783,um,Filament,,Filament Position,,,,,1,,,100000064,
Filament Position X,23.4445,um,Filament,,Filament Position,,,,,1,,,100000065,
Filament Position X,23.0072,um,Filament,,Filament Position,,,,,1,,,100000066,
Filament Position X,26.884,um,Filament,,Filament Position,,,,,1,,,100000067,
Filament Position X,27.6971,um,Filament,,Filament Position,,,,,1,,,100000068,
Filament Position X,26.3696,um,Filament,,Filament Position,,,,,1,,,100000069,
Filament Position X,26.8483,um,Filament,,Filament Position,,,,,1,,,100000070,
Filament Position X,25.3007,um,Filament,,Filament Position,,,,,1,,,100000071,
Filament Position X,24.5677,um,Filament,,Filament Position,,,,,1,,,100000072,
Filament Position X,27.975,um,Filament,,Filament Position,,,,,1,,,100000073,
Filament Position X,28.841,um,Filament,,Filament Position,,,,,1,,,100000074,
Filament Position X,27.512,um,Filament,,Filament Position,,,,,1,,,100000075,
Filament Position X,28.1036,um,Filament,,Filament Position,,,,,1,,,100000076,
Filament Position X,28.7552,um,Filament,,Filament Position,,,,,1,,,100000077,
Filament Position X,29.7841,um,Filament,,Filament Position,,,,,1,,,100000078,
Filament Position X,27.7167,um,Filament,,Filament Position,,,,,1,,,100000079,
Filament Position X,26.989,um,Filament,,Filament Position,,,,,1,,,100000080,
Filament Position X,29.1754,um,Filament,,Filament Position,,,,,1,,,100000081,
Filament Position X,28.8238,um,Filament,,Filament Position,,,,,1,,,100000082,
Filament Position X,34.1237,um,Filament,,Filament Position,,,,,1,,,100000083,
Filament Position X,34.6496,um,Filament,,Filament Position,,,,,1,,,100000084,
Filament Position X,32.3933,um,Filament,,Filament Position,,,,,1,,,100000085,
Filament Position X,32.0161,um,Filament,,Filament Position,,,,,1,,,100000086,
Filament Position X,31.1415,um,Filament,,Filament Position,,,,,1,,,100000087,
Filament Position X,31.5359,um,Filament,,Filament Position,,,,,1,,,100000088,
Filament Position Y,46.0036,um,Filament,,Filament Position,,,,,1,,,100000000,
Filament Position Y,13.0015,um,Filament,,Filament Position,,,,,1,,,100000001,
Filament Position Y,12.6986,um,Filament,,Filament Position,,,,,1,,,100000002,
Filament Position Y,17.8429,um,Filament,,Filament Position,,,,,1,,,100000003,
Filament Position Y,17.5857,um,Filament,,Filament Position,,,,,1,,,100000004,
Filament Position Y,19.2062,um,Filament,,Filament Position,,,,,1,,,100000005,
Filament Position Y,19.3691,um,Filament,,Filament Position,,,,,1,,,100000006,
Filament Position Y,21.0678,um,Filament,,Filament Position,,,,,1,,,100000007,
Filament Position Y,21.9241,um,Filament,,Filament Position,,,,,1,,,100000008,
Filament Position Y,23.1759,um,Filament,,Filament Position,,,,,1,,,100000009,
Filament Position Y,24.4182,um,Filament,,Filament Position,,,,,1,,,100000010,
Filament Position Y,23.743,um,Filament,,Filament Position,,,,,1,,,100000011,
Filament Position Y,25.6121,um,Filament,,Filament Position,,,,,1,,,100000012,
Filament Position Y,26.4524,um,Filament,,Filament Position,,,,,1,,,100000013,
Filament Position Y,26.0151,um,Filament,,Filament Position,,,,,1,,,100000014,
Filament Position Y,28.4458,um,Filament,,Filament Position,,,,,1,,,100000015,
Filament Position Y,28.6301,um,Filament,,Filament Position,,,,,1,,,100000016,
Filament Position Y,30.2895,um,Filament,,Filament Position,,,,,1,,,100000017,
Filament Position Y,30.9968,um,Filament,,Filament Position,,,,,1,,,100000018,
Filament Position Y,32.8502,um,Filament,,Filament Position,,,,,1,,,100000019,
Filament Position Y,32.0428,um,Filament,,Filament Position,,,,,1,,,100000020,
Filament Position Y,31.3912,um,Filament,,Filament Position,,,,,1,,,100000021,
Filament Position Y,31.6484,um,Filament,,Filament Position,,,,,1,,,100000022,
Filament Position Y,32.4458,um,Filament,,Filament Position,,,,,1,,,100000023,
Filament Position Y,32.9688,um,Filament,,Filament Position,,,,,1,,,100000024,
Filament Position Y,34.5121,um,Filament,,Filament Position,,,,,1,,,100000025,
Filament Position Y,34.2206,um,Filament,,Filament Position,,,,,1,,,100000026,
Filament Position Y,37.05,um,Filament,,Filament Position,,,,,1,,,100000027,
Filament Position Y,37.1186,um,Filament,,Filament Position,,,,,1,,,100000028,
Filament Position Y,38.5161,um,Filament,,Filament Position,,,,,1,,,100000029,
Filament Position Y,39.0048,um,Filament,,Filament Position,,,,,1,,,100000030,
Filament Position Y,37.662,um,Filament,,Filament Position,,,,,1,,,100000031,
Filament Position Y,38.3704,um,Filament,,Filament Position,,,,,1,,,100000032,
Filament Position Y,39.8648,um,Filament,,Filament Position,,,,,1,,,100000033,
Filament Position Y,40.0508,um,Filament,,Filament Position,,,,,1,,,100000034,
Filament Position Y,40.4881,um,Filament,,Filament Position,,,,,1,,,100000035,
Filament Position Y,41.174,um,Filament,,Filament Position,,,,,1,,,100000036,
Filament Position Y,41.91,um,Filament,,Filament Position,,,,,1,,,100000037,
Filament Position Y,42.3998,um,Filament,,Filament Position,,,,,1,,,100000038,
Filament Position Y,44.2421,um,Filament,,Filament Position,,,,,1,,,100000039,
Filament Position Y,44.7304,um,Filament,,Filament Position,,,,,1,,,100000040,
Filament Position Y,45.1161,um,Filament,,Filament Position,,,,,1,,,100000041,
Filament Position Y,45.8792,um,Filament,,Filament Position,,,,,1,,,100000042,
Filament Position Y,46.7109,um,Filament,,Filament Position,,,,,1,,,100000043,
Filament Position Y,46.7537,um,Filament,,Filament Position,,,,,1,,,100000044,
Filament Position Y,48.2542,um,Filament,,Filament Position,,,,,1,,,100000045,
Filament Position Y,48.4514,um,Filament,,Filament Position,,,,,1,,,100000046,
Filament Position Y,48.0602,um,Filament,,Filament Position,,,,,1,,,100000047,
Filament Position Y,49.0258,um,Filament,,Filament Position,,,,,1,,,100000048,
Filament Position Y,51.0052,um,Filament,,Filament Position,,,,,1,,,100000049,
Filament Position Y,51.6654,um,Filament,,Filament Position,,,,,1,,,100000050,
Filament Position Y,54.7605,um,Filament,,Filament Position,,,,,1,,,100000051,
Filament Position Y,55.1978,um,Filament,,Filament Position,,,,,1,,,100000052,
Filament Position Y,55.9609,um,Filament,,Filament Position,,,,,1,,,100000053,
Filament Position Y,56.2267,um,Filament,,Filament Position,,,,,1,,,100000054,
Filament Position Y,60.299,um,Filament,,Filament Position,,,,,1,,,100000055,
Filament Position Y,61.4712,um,Filament,,Filament Position,,,,,1,,,100000056,
Filament Position Y,58.4761,um,Filament,,Filament Position,,,,,1,,,100000057,
Filament Position Y,58.6504,um,Filament,,Filament Position,,,,,1,,,100000058,
Filament Position Y,60.2194,um,Filament,,Filament Position,,,,,1,,,100000059,
Filament Position Y,59.7822,um,Filament,,Filament Position,,,,,1,,,100000060,
Filament Position Y,62.4881,um,Filament,,Filament Position,,,,,1,,,100000061,
Filament Position Y,62.7382,um,Filament,,Filament Position,,,,,1,,,100000062,
Filament Position Y,63.5513,um,Filament,,Filament Position,,,,,1,,,100000063,
Filament Position Y,63.064,um,Filament,,Filament Position,,,,,1,,,100000064,
Filament Position Y,65.2889,um,Filament,,Filament Position,,,,,1,,,100000065,
Filament Position Y,65.6019,um,Filament,,Filament Position,,,,,1,,,100000066,
Filament Position Y,66.6836,um,Filament,,Filament Position,,,,,1,,,100000067,
Filament Position Y,66.0477,um,Filament,,Filament Position,,,,,1,,,100000068,
Filament Position Y,65.1546,um,Filament,,Filament Position,,,,,1,,,100000069,
Filament Position Y,65.2246,um,Filament,,Filament Position,,,,,1,,,100000070,
Filament Position Y,69.3858,um,Filament,,Filament Position,,,,,1,,,100000071,
Filament Position Y,70.2661,um,Filament,,Filament Position,,,,,1,,,100000072,
Filament Position Y,69.1429,um,Filament,,Filament Position,,,,,1,,,100000073,
Filament Position Y,69.4687,um,Filament,,Filament Position,,,,,1,,,100000074,
Filament Position Y,67.994,um,Filament,,Filament Position,,,,,1,,,100000075,
Filament Position Y,68.3198,um,Filament,,Filament Position,,,,,1,,,100000076,
Filament Position Y,71.6893,um,Filament,,Filament Position,,,,,1,,,100000077,
Filament Position Y,71.7665,um,Filament,,Filament Position,,,,,1,,,100000078,
Filament Position Y,75.1811,um,Filament,,Filament Position,,,,,1,,,100000079,
Filament Position Y,76.2935,um,Filament,,Filament Position,,,,,1,,,100000080,
Filament Position Y,76.1563,um,Filament,,Filament Position,,,,,1,,,100000081,
Filament Position Y,76.7222,um,Filament,,Filament Position,,,,,1,,,100000082,
Filament Position Y,79.1304,um,Filament,,Filament Position,,,,,1,,,100000083,
Filament Position Y,79.4419,um,Filament,,Filament Position,,,,,1,,,100000084,
Filament Position Y,77.7729,um,Filament,,Filament Position,,,,,1,,,100000085,
Filament Position Y,76.6926,um,Filament,,Filament Position,,,,,1,,,100000086,
Filament Position Y,76.0238,um,Filament,,Filament Position,,,,,1,,,100000087,
Filament Position Y,75.5437,um,Filament,,Filament Position,,,,,1,,,100000088,
Filament Position Z,0.500002,um,Filament,,Filament Position,,,,,1,,,100000000,
Filament Position Z,0.500001,um,Filament,,Filament Position,,,,,1,,,100000001,
Filament Position Z,0.500001,um,Filament,,Filament Position,,,,,1,,,100000002,
Filament Position Z,0.500001,um,Filament,,Filament Position,,,,,1,,,100000003,
Filament Position Z,0.500001,um,Filament,,Filament Position,,,,,1,,,100000004,
Filament Position Z,0.500001,um,Filament,,Filament Position,,,,,1,,,100000005,
Filament Position Z,0.500001,um,Filament,,Filament Position,,,,,1,,,100000006,
Filament Position Z,0.500001,um,Filament,,Filament Position,,,,,1,,,100000007,
Filament Position Z,0.500001,um,Filament,,Filament Position,,,,,1,,,100000008,
Filament Position Z,0.500001,um,Filament,,Filament Position,,,,,1,,,100000009,
Filament Position Z,0.500001,um,Filament,,Filament Position,,,,,1,,,100000010,
Filament Position Z,0.500001,um,Filament,,Filament Position,,,,,1,,,100000011,
Filament Position Z,0.500001,um,Filament,,Filament Position,,,,,1,,,100000012,
Filament Position Z,0.500001,um,Filament,,Filament Position,,,,,1,,,100000013,
Filament Position Z,0.500001,um,Filament,,Filament Position,,,,,1,,,100000014,
Filament Position Z,0.500001,um,Filament,,Filament Position,,,,,1,,,100000015,
Filament Position Z,0.500001,um,Filament,,Filament Position,,,,,1,,,100000016,
Filament Position Z,0.500001,um,Filament,,Filament Position,,,,,1,,,100000017,
Filament Position Z,0.500001,um,Filament,,Filament Position,,,,,1,,,100000018,
Filament Position Z,0.500001,um,Filament,,Filament Position,,,,,1,,,100000019,
Filament Position Z,0.500001,um,Filament,,Filament Position,,,,,1,,,100000020,
Filament Position Z,0.500001,um,Filament,,Filament Position,,,,,1,,,100000021,
Filament Position Z,0.500001,um,Filament,,Filament Position,,,,,1,,,100000022,
Filament Position Z,0.500001,um,Filament,,Filament Position,,,,,1,,,100000023,
Filament Position Z,0.500001,um,Filament,,Filament Position,,,,,1,,,100000024,
Filament Position Z,0.500001,um,Filament,,Filament Position,,,,,1,,,100000025,
Filament Position Z,0.500002,um,Filament,,Filament Position,,,,,1,,,100000026,
Filament Position Z,0.500002,um,Filament,,Filament Position,,,,,1,,,100000027,
Filament Position Z,0.500002,um,Filament,,Filament Position,,,,,1,,,100000028,
Filament Position Z,0.500002,um,Filament,,Filament Position,,,,,1,,,100000029,
Filament Position Z,0.500002,um,Filament,,Filament Position,,,,,1,,,100000030,
Filament Position Z,0.500001,um,Filament,,Filament Position,,,,,1,,,100000031,
Filament Position Z,0.500001,um,Filament,,Filament Position,,,,,1,,,100000032,
Filament Position Z,0.500001,um,Filament,,Filament Position,,,,,1,,,100000033,
Filament Position Z,0.500001,um,Filament,,Filament Position,,,,,1,,,100000034,
Filament Position Z,0.500001,um,Filament,,Filament Position,,,,,1,,,100000035,
Filament Position Z,0.500001,um,Filament,,Filament Position,,,,,1,,,100000036,
Filament Position Z,0.500001,um,Filament,,Filament Position,,,,,1,,,100000037,
Filament Position Z,0.500001,um,Filament,,Filament Position,,,,,1,,,100000038,
Filament Position Z,0.500002,um,Filament,,Filament Position,,,,,1,,,100000039,
Filament Position Z,0.500001,um,Filament,,Filament Position,,,,,1,,,100000040,
Filament Position Z,0.500002,um,Filament,,Filament Position,,,,,1,,,100000041,
Filament Position Z,0.500002,um,Filament,,Filament Position,,,,,1,,,100000042,
Filament Position Z,0.500002,um,Filament,,Filament Position,,,,,1,,,100000043,
Filament Position Z,0.500002,um,Filament,,Filament Position,,,,,1,,,100000044,
Filament Position Z,0.500002,um,Filament,,Filament Position,,,,,1,,,100000045,
Filament Position Z,0.500002,um,Filament,,Filament Position,,,,,1,,,100000046,
Filament Position Z,0.500002,um,Filament,,Filament Position,,,,,1,,,100000047,
Filament Position Z,0.500002,um,Filament,,Filament Position,,,,,1,,,100000048,
Filament Position Z,0.500002,um,Filament,,Filament Position,,,,,1,,,100000049,
Filament Position Z,0.500002,um,Filament,,Filament Position,,,,,1,,,100000050,
Filament Position Z,0.500002,um,Filament,,Filament Position,,,,,1,,,100000051,
Filament Position Z,0.500002,um,Filament,,Filament Position,,,,,1,,,100000052,
Filament Position Z,0.500002,um,Filament,,Filament Position,,,,,1,,,100000053,
Filament Position Z,0.500002,um,Filament,,Filament Position,,,,,1,,,100000054,
Filament Position Z,0.500002,um,Filament,,Filament Position,,,,,1,,,100000055,
Filament Position Z,0.500002,um,Filament,,Filament Position,,,,,1,,,100000056,
Filament Position Z,0.500003,um,Filament,,Filament Position,,,,,1,,,100000057,
Filament Position Z,0.500003,um,Filament,,Filament Position,,,,,1,,,100000058,
Filament Position Z,0.500003,um,Filament,,Filament Position,,,,,1,,,100000059,
Filament Position Z,0.500003,um,Filament,,Filament Position,,,,,1,,,100000060,
Filament Position Z,0.500003,um,Filament,,Filament Position,,,,,1,,,100000061,
Filament Position Z,0.500003,um,Filament,,Filament Position,,,,,1,,,100000062,
Filament Position Z,0.500003,um,Filament,,Filament Position,,,,,1,,,100000063,
Filament Position Z,0.500003,um,Filament,,Filament Position,,,,,1,,,100000064,
Filament Position Z,0.500003,um,Filament,,Filament Position,,,,,1,,,100000065,
Filament Position Z,0.500003,um,Filament,,Filament Position,,,,,1,,,100000066,
Filament Position Z,0.500003,um,Filament,,Filament Position,,,,,1,,,100000067,
Filament Position Z,0.500003,um,Filament,,Filament Position,,,,,1,,,100000068,
Filament Position Z,0.500003,um,Filament,,Filament Position,,,,,1,,,100000069,
Filament Position Z,0.500003,um,Filament,,Filament Position,,,,,1,,,100000070,
Filament Position Z,0.500003,um,Filament,,Filament Position,,,,,1,,,100000071,
Filament Position Z,0.500003,um,Filament,,Filament Position,,,,,1,,,100000072,
Filament Position Z,0.500003,um,Filament,,Filament Position,,,,,1,,,100000073,
Filament Position Z,0.500004,um,Filament,,Filament Position,,,,,1,,,100000074,
Filament Position Z,0.500003,um,Filament,,Filament Position,,,,,1,,,100000075,
Filament Position Z,0.500003,um,Filament,,Filament Position,,,,,1,,,100000076,
Filament Position Z,0.500003,um,Filament,,Filament Position,,,,,1,,,100000077,
Filament Position Z,0.500004,um,Filament,,Filament Position,,,,,1,,,100000078,
Filament Position Z,0.500003,um,Filament,,Filament Position,,,,,1,,,100000079,
Filament Position Z,0.500003,um,Filament,,Filament Position,,,,,1,,,100000080,
Filament Position Z,0.500004,um,Filament,,Filament Position,,,,,1,,,100000081,
Filament Position Z,0.500004,um,Filament,,Filament Position,,,,,1,,,100000082,
Filament Position Z,0.500004,um,Filament,,Filament Position,,,,,1,,,100000083,
Filament Position Z,0.500004,um,Filament,,Filament Position,,,,,1,,,100000084,
Filament Position Z,0.500004,um,Filament,,Filament Position,,,,,1,,,100000085,
Filament Position Z,0.500004,um,Filament,,Filament Position,,,,,1,,,100000086,
Filament Position Z,0.500004,um,Filament,,Filament Position,,,,,1,,,100000087,
Filament Position Z,0.500004,um,Filament,,Filament Position,,,,,1,,,100000088,
Filament Spine Area (sum),10.4567,um^2,Filament,,,,,,,1,,,100000000,
Filament Spine Area (sum),1.40219,um^2,Filament,,,,,,,1,,,100000001,
Filament Spine Area (sum),0,um^2,Filament,,,,,,,1,,,100000002,
Filament Spine Area (sum),0.764211,um^2,Filament,,,,,,,1,,,100000003,
Filament Spine Area (sum),0,um^2,Filament,,,,,,,1,,,100000004,
Filament Spine Area (sum),0.784014,um^2,Filament,,,,,,,1,,,100000005,
Filament Spine Area (sum),0,um^2,Filament,,,,,,,1,,,100000006,
Filament Spine Area (sum),1.92476,um^2,Filament,,,,,,,1,,,100000007,
Filament Spine Area (sum),0,um^2,Filament,,,,,,,1,,,100000008,
Filament Spine Area (sum),0,um^2,Filament,,,,,,,1,,,100000009,
Filament Spine Area (sum),2.28976,um^2,Filament,,,,,,,1,,,100000010,
Filament Spine Area (sum),0.91403,um^2,Filament,,,,,,,1,,,100000011,
Filament Spine Area (sum),2.70421,um^2,Filament,,,,,,,1,,,100000012,
Filament Spine Area (sum),2.27186,um^2,Filament,,,,,,,1,,,100000013,
Filament Spine Area (sum),2.24095,um^2,Filament,,,,,,,1,,,100000014,
Filament Spine Area (sum),4.87665,um^2,Filament,,,,,,,1,,,100000015,
Filament Spine Area (sum),2.32845,um^2,Filament,,,,,,,1,,,100000016,
Filament Spine Area (sum),4.88749,um^2,Filament,,,,,,,1,,,100000017,
Filament Spine Area (sum),0,um^2,Filament,,,,,,,1,,,100000018,
Filament Spine Area (sum),4.38039,um^2,Filament,,,,,,,1,,,100000019,
Filament Spine Area (sum),0,um^2,Filament,,,,,,,1,,,100000020,
Filament Spine Area (sum),0.896859,um^2,Filament,,,,,,,1,,,100000021,
Filament Spine Area (sum),0,um^2,Filament,,,,,,,1,,,100000022,
Filament Spine Area (sum),0.816106,um^2,Filament,,,,,,,1,,,100000023,
Filament Spine Area (sum),0,um^2,Filament,,,,,,,1,,,100000024,
Filament Spine Area (sum),1.63782,um^2,Filament,,,,,,,1,,,100000025,
Filament Spine Area (sum),0,um^2,Filament,,,,,,,1,,,100000026,
Filament Spine Area (sum),0.858925,um^2,Filament,,,,,,,1,,,100000027,
Filament Spine Area (sum),0,um^2,Filament,,,,,,,1,,,100000028,
Filament Spine Area (sum),1.62607,um^2,Filament,,,,,,,1,,,100000029,
Filament Spine Area (sum),0,um^2,Filament,,,,,,,1,,,100000030,
Filament Spine Area (sum),2.27179,um^2,Filament,,,,,,,1,,,100000031,
Filament Spine Area (sum),0,um^2,Filament,,,,,,,1,,,100000032,
Filament Spine Area (sum),3.32247,um^2,Filament,,,,,,,1,,,100000033,
Filament Spine Area (sum),0,um^2,Filament,,,,,,,1,,,100000034,
Filament Spine Area (sum),2.30996,um^2,Filament,,,,,,,1,,,100000035,
Filament Spine Area (sum),0.850762,um^2,Filament,,,,,,,1,,,100000036,
Filament Spine Area (sum),2.51563,um^2,Filament,,,,,,,1,,,100000037,
Filament Spine Area (sum),0.828032,um^2,Filament,,,,,,,1,,,100000038,
Filament Spine Area (sum),2.55384,um^2,Filament,,,,,,,1,,,100000039,
Filament Spine Area (sum),1.73087,um^2,Filament,,,,,,,1,,,100000040,
Filament Spine Area (sum),0.814695,um^2,Filament,,,,,,,1,,,100000041,
Filament Spine Area (sum),0,um^2,Filament,,,,,,,1,,,100000042,
Filament Spine Area (sum),0.872192,um^2,Filament,,,,,,,1,,,100000043,
Filament Spine Area (sum),0,um^2,Filament,,,,,,,1,,,100000044,
Filament Spine Area (sum),0.786001,um^2,Filament,,,,,,,1,,,100000045,
Filament Spine Area (sum),0,um^2,Filament,,,,,,,1,,,100000046,
Filament Spine Area (sum),2.48532,um^2,Filament,,,,,,,1,,,100000047,
Filament Spine Area (sum),0.800367,um^2,Filament,,,,,,,1,,,100000048,
Filament Spine Area (sum),1.16254,um^2,Filament,,,,,,,1,,,100000049,
Filament Spine Area (sum),0,um^2,Filament,,,,,,,1,,,100000050,
Filament Spine Area (sum),0.874519,um^2,Filament,,,,,,,1,,,100000051,
Filament Spine Area (sum),0,um^2,Filament,,,,,,,1,,,100000052,
Filament Spine Area (sum),0.823862,um^2,Filament,,,,,,,1,,,100000053,
Filament Spine Area (sum),0,um^2,Filament,,,,,,,1,,,100000054,
Filament Spine Area (sum),4.37016,um^2,Filament,,,,,,,1,,,100000055,
Filament Spine Area (sum),0.81956,um^2,Filament,,,,,,,1,,,100000056,
Filament Spine Area (sum),1.64176,um^2,Filament,,,,,,,1,,,100000057,
Filament Spine Area (sum),0,um^2,Filament,,,,,,,1,,,100000058,
Filament Spine Area (sum),1.79061,um^2,Filament,,,,,,,1,,,100000059,
Filament Spine Area (sum),0,um^2,Filament,,,,,,,1,,,100000060,
Filament Spine Area (sum),1.6379,um^2,Filament,,,,,,,1,,,100000061,
Filament Spine Area (sum),0,um^2,Filament,,,,,,,1,,,100000062,
Filament Spine Area (sum),1.66273,um^2,Filament,,,,,,,1,,,100000063,
Filament Spine Area (sum),0,um^2,Filament,,,,,,,1,,,100000064,
Filament Spine Area (sum),1.64353,um^2,Filament,,,,,,,1,,,100000065,
Filament Spine Area (sum),0,um^2,Filament,,,,,,,1,,,100000066,
Filament Spine Area (sum),1.54207,um^2,Filament,,,,,,,1,,,100000067,
Filament Spine Area (sum),0.839051,um^2,Filament,,,,,,,1,,,100000068,
Filament Spine Area (sum),1.47149,um^2,Filament,,,,,,,1,,,100000069,
Filament Spine Area (sum),0,um^2,Filament,,,,,,,1,,,100000070,
Filament Spine Area (sum),1.69196,um^2,Filament,,,,,,,1,,,100000071,
Filament Spine Area (sum),0,um^2,Filament,,,,,,,1,,,100000072,
Filament Spine Area (sum),0.795385,um^2,Filament,,,,,,,1,,,100000073,
Filament Spine Area (sum),0,um^2,Filament,,,,,,,1,,,100000074,
Filament Spine Area (sum),0.810785,um^2,Filament,,,,,,,1,,,100000075,
Filament Spine Area (sum),0,um^2,Filament,,,,,,,1,,,100000076,
Filament Spine Area (sum),0.903924,um^2,Filament,,,,,,,1,,,100000077,
Filament Spine Area (sum),0,um^2,Filament,,,,,,,1,,,100000078,
Filament Spine Area (sum),2.44317,um^2,Filament,,,,,,,1,,,100000079,
Filament Spine Area (sum),0,um^2,Filament,,,,,,,1,,,100000080,
Filament Spine Area (sum),0.829736,um^2,Filament,,,,,,,1,,,100000081,
Filament Spine Area (sum),0,um^2,Filament,,,,,,,1,,,100000082,
Filament Spine Area (sum),1.72795,um^2,Filament,,,,,,,1,,,100000083,
Filament Spine Area (sum),0.912868,um^2,Filament,,,,,,,1,,,100000084,
Filament Spine Area (sum),0.931929,um^2,Filament,,,,,,,1,,,100000085,
Filament Spine Area (sum),0,um^2,Filament,,,,,,,1,,,100000086,
Filament Spine Area (sum),0.880461,um^2,Filament,,,,,,,1,,,100000087,
Filament Spine Area (sum),0,um^2,Filament,,,,,,,1,,,100000088,
Filament Spine Length (sum),4.79906,um,Filament,,,,,,,1,,,100000000,
Filament Spine Length (sum),1.9899,um,Filament,,,,,,,1,,,100000001,
Filament Spine Length (sum),0,um,Filament,,,,,,,1,,,100000002,
Filament Spine Length (sum),1.08452,um,Filament,,,,,,,1,,,100000003,
Filament Spine Length (sum),0,um,Filament,,,,,,,1,,,100000004,
Filament Spine Length (sum),1.11263,um,Filament,,,,,,,1,,,100000005,
Filament Spine Length (sum),0,um,Filament,,,,,,,1,,,100000006,
Filament Spine Length (sum),2.7315,um,Filament,,,,,,,1,,,100000007,
Filament Spine Length (sum),0,um,Filament,,,,,,,1,,,100000008,
Filament Spine Length (sum),0,um,Filament,,,,,,,1,,,100000009,
Filament Spine Length (sum),2.95408,um,Filament,,,,,,,1,,,100000010,
Filament Spine Length (sum),1.17921,um,Filament,,,,,,,1,,,100000011,
Filament Spine Length (sum),1.22279,um,Filament,,,,,,,1,,,100000012,
Filament Spine Length (sum),1.02729,um,Filament,,,,,,,1,,,100000013,
Filament Spine Length (sum),1.01332,um,Filament,,,,,,,1,,,100000014,
Filament Spine Length (sum),2.20513,um,Filament,,,,,,,1,,,100000015,
Filament Spine Length (sum),1.05288,um,Filament,,,,,,,1,,,100000016,
Filament Spine Length (sum),2.21003,um,Filament,,,,,,,1,,,100000017,
Filament Spine Length (sum),0,um,Filament,,,,,,,1,,,100000018,
Filament Spine Length (sum),1.98073,um,Filament,,,,,,,1,,,100000019,
Filament Spine Length (sum),0,um,Filament,,,,,,,1,,,100000020,
Filament Spine Length (sum),1.15706,um,Filament,,,,,,,1,,,100000021,
Filament Spine Length (sum),0,um,Filament,,,,,,,1,,,100000022,
Filament Spine Length (sum),1.05288,um,Filament,,,,,,,1,,,100000023,
Filament Spine Length (sum),0,um,Filament,,,,,,,1,,,100000024,
Filament Spine Length (sum),2.11299,um,Filament,,,,,,,1,,,100000025,
Filament Spine Length (sum),0,um,Filament,,,,,,,1,,,100000026,
Filament Spine Length (sum),1.10812,um,Filament,,,,,,,1,,,100000027,
Filament Spine Length (sum),0,um,Filament,,,,,,,1,,,100000028,
Filament Spine Length (sum),2.09784,um,Filament,,,,,,,1,,,100000029,
Filament Spine Length (sum),0,um,Filament,,,,,,,1,,,100000030,
Filament Spine Length (sum),2.9309,um,Filament,,,,,,,1,,,100000031,
Filament Spine Length (sum),0,um,Filament,,,,,,,1,,,100000032,
Filament Spine Length (sum),4.28641,um,Filament,,,,,,,1,,,100000033,
Filament Spine Length (sum),0,um,Filament,,,,,,,1,,,100000034,
Filament Spine Length (sum),2.98014,um,Filament,,,,,,,1,,,100000035,
Filament Spine Length (sum),1.09759,um,Filament,,,,,,,1,,,100000036,
Filament Spine Length (sum),3.24548,um,Filament,,,,,,,1,,,100000037,
Filament Spine Length (sum),1.06827,um,Filament,,,,,,,1,,,100000038,
Filament Spine Length (sum),3.29478,um,Filament,,,,,,,1,,,100000039,
Filament Spine Length (sum),2.23305,um,Filament,,,,,,,1,,,100000040,
Filament Spine Length (sum),1.05106,um,Filament,,,,,,,1,,,100000041,
Filament Spine Length (sum),0,um,Filament,,,,,,,1,,,100000042,
Filament Spine Length (sum),1.12524,um,Filament,,,,,,,1,,,100000043,
Filament Spine Length (sum),0,um,Filament,,,,,,,1,,,100000044,
Filament Spine Length (sum),1.01404,um,Filament,,,,,,,1,,,100000045,
Filament Spine Length (sum),0,um,Filament,,,,,,,1,,,100000046,
Filament Spine Length (sum),3.20638,um,Filament,,,,,,,1,,,100000047,
Filament Spine Length (sum),1.03257,um,Filament,,,,,,,1,,,100000048,
Filament Spine Length (sum),1.49982,um,Filament,,,,,,,1,,,100000049,
Filament Spine Length (sum),0,um,Filament,,,,,,,1,,,100000050,
Filament Spine Length (sum),1.12824,um,Filament,,,,,,,1,,,100000051,
Filament Spine Length (sum),0,um,Filament,,,,,,,1,,,100000052,
Filament Spine Length (sum),1.06289,um,Filament,,,,,,,1,,,100000053,
Filament Spine Length (sum),0,um,Filament,,,,,,,1,,,100000054,
Filament Spine Length (sum),5.63806,um,Filament,,,,,,,1,,,100000055,
Filament Spine Length (sum),1.05734,um,Filament,,,,,,,1,,,100000056,
Filament Spine Length (sum),2.11808,um,Filament,,,,,,,1,,,100000057,
Filament Spine Length (sum),0,um,Filament,,,,,,,1,,,100000058,
Filament Spine Length (sum),2.31012,um,Filament,,,,,,,1,,,100000059,
Filament Spine Length (sum),0,um,Filament,,,,,,,1,,,100000060,
Filament Spine Length (sum),2.1131,um,Filament,,,,,,,1,,,100000061,
Filament Spine Length (sum),0,um,Filament,,,,,,,1,,,100000062,
Filament Spine Length (sum),2.14513,um,Filament,,,,,,,1,,,100000063,
Filament Spine Length (sum),0,um,Filament,,,,,,,1,,,100000064,
Filament Spine Length (sum),2.12037,um,Filament,,,,,,,1,,,100000065,
Filament Spine Length (sum),0,um,Filament,,,,,,,1,,,100000066,
Filament Spine Length (sum),1.98947,um,Filament,,,,,,,1,,,100000067,
Filament Spine Length (sum),1.08248,um,Filament,,,,,,,1,,,100000068,
Filament Spine Length (sum),1.89841,um,Filament,,,,,,,1,,,100000069,
Filament Spine Length (sum),0,um,Filament,,,,,,,1,,,100000070,
Filament Spine Length (sum),2.18284,um,Filament,,,,,,,1,,,100000071,
Filament Spine Length (sum),0,um,Filament,,,,,,,1,,,100000072,
Filament Spine Length (sum),1.02615,um,Filament,,,,,,,1,,,100000073,
Filament Spine Length (sum),0,um,Filament,,,,,,,1,,,100000074,
Filament Spine Length (sum),1.04601,um,Filament,,,,,,,1,,,100000075,
Filament Spine Length (sum),0,um,Filament,,,,,,,1,,,100000076,
Filament Spine Length (sum),1.16618,um,Filament,,,,,,,1,,,100000077,
Filament Spine Length (sum),0,um,Filament,,,,,,,1,,,100000078,
Filament Spine Length (sum),3.15199,um,Filament,,,,,,,1,,,100000079,
Filament Spine Length (sum),0,um,Filament,,,,,,,1,,,100000080,
Filament Spine Length (sum),1.07046,um,Filament,,,,,,,1,,,100000081,
Filament Spine Length (sum),0,um,Filament,,,,,,,1,,,100000082,
Filament Spine Length (sum),2.22928,um,Filament,,,,,,,1,,,100000083,
Filament Spine Length (sum),1.17772,um,Filament,,,,,,,1,,,100000084,
Filament Spine Length (sum),1.20231,um,Filament,,,,,,,1,,,100000085,
Filament Spine Length (sum),0,um,Filament,,,,,,,1,,,100000086,
Filament Spine Length (sum),1.13591,um,Filament,,,,,,,1,,,100000087,
Filament Spine Length (sum),0,um,Filament,,,,,,,1,,,100000088,
Filament Spine Volume (sum),1.7489,um^3,Filament,,,,,,,1,,,100000000,
Filament Spine Volume (sum),0.0771498,um^3,Filament,,,,,,,1,,,100000001,
Filament Spine Volume (sum),0,um^3,Filament,,,,,,,1,,,100000002,
Filament Spine Volume (sum),0.0413756,um^3,Filament,,,,,,,1,,,100000003,
Filament Spine Volume (sum),0,um^3,Filament,,,,,,,1,,,100000004,
Filament Spine Volume (sum),0.042486,um^3,Filament,,,,,,,1,,,100000005,
Filament Spine Volume (sum),0,um^3,Filament,,,,,,,1,,,100000006,
Filament Spine Volume (sum),0.106453,um^3,Filament,,,,,,,1,,,100000007,
Filament Spine Volume (sum),0,um^3,Filament,,,,,,,1,,,100000008,
Filament Spine Volume (sum),0,um^3,Filament,,,,,,,1,,,100000009,
Filament Spine Volume (sum),0.139271,um^3,Filament,,,,,,,1,,,100000010,
Filament Spine Volume (sum),0.0544131,um^3,Filament,,,,,,,1,,,100000011,
Filament Spine Volume (sum),0.430241,um^3,Filament,,,,,,,1,,,100000012,
Filament Spine Volume (sum),0.354154,um^3,Filament,,,,,,,1,,,100000013,
Filament Spine Volume (sum),0.348714,um^3,Filament,,,,,,,1,,,100000014,
Filament Spine Volume (sum),0.812559,um^3,Filament,,,,,,,1,,,100000015,
Filament Spine Volume (sum),0.364112,um^3,Filament,,,,,,,1,,,100000016,
Filament Spine Volume (sum),0.814466,um^3,Filament,,,,,,,1,,,100000017,
Filament Spine Volume (sum),0,um^3,Filament,,,,,,,1,,,100000018,
Filament Spine Volume (sum),0.725225,um^3,Filament,,,,,,,1,,,100000019,
Filament Spine Volume (sum),0,um^3,Filament,,,,,,,1,,,100000020,
Filament Spine Volume (sum),0.0533539,um^3,Filament,,,,,,,1,,,100000021,
Filament Spine Volume (sum),0,um^3,Filament,,,,,,,1,,,100000022,
Filament Spine Volume (sum),0.0483729,um^3,Filament,,,,,,,1,,,100000023,
Filament Spine Volume (sum),0,um^3,Filament,,,,,,,1,,,100000024,
Filament Spine Volume (sum),0.0990576,um^3,Filament,,,,,,,1,,,100000025,
Filament Spine Volume (sum),0,um^3,Filament,,,,,,,1,,,100000026,
Filament Spine Volume (sum),0.0510141,um^3,Filament,,,,,,,1,,,100000027,
Filament Spine Volume (sum),0,um^3,Filament,,,,,,,1,,,100000028,
Filament Spine Volume (sum),0.098333,um^3,Filament,,,,,,,1,,,100000029,
Filament Spine Volume (sum),0,um^3,Filament,,,,,,,1,,,100000030,
Filament Spine Volume (sum),0.138162,um^3,Filament,,,,,,,1,,,100000031,
Filament Spine Volume (sum),0,um^3,Filament,,,,,,,1,,,100000032,
Filament Spine Volume (sum),0.20297,um^3,Filament,,,,,,,1,,,100000033,
Filament Spine Volume (sum),0,um^3,Filament,,,,,,,1,,,100000034,
Filament Spine Volume (sum),0.140516,um^3,Filament,,,,,,,1,,,100000035,
Filament Spine Volume (sum),0.0505106,um^3,Filament,,,,,,,1,,,100000036,
Filament Spine Volume (sum),0.153203,um^3,Filament,,,,,,,1,,,100000037,
Filament Spine Volume (sum),0.0491086,um^3,Filament,,,,,,,1,,,100000038,
Filament Spine Volume (sum),0.15556,um^3,Filament,,,,,,,1,,,100000039,
Filament Spine Volume (sum),0.104798,um^3,Filament,,,,,,,1,,,100000040,
Filament Spine Volume (sum),0.0482859,um^3,Filament,,,,,,,1,,,100000041,
Filament Spine Volume (sum),0,um^3,Filament,,,,,,,1,,,100000042,
Filament Spine Volume (sum),0.0518324,um^3,Filament,,,,,,,1,,,100000043,
Filament Spine Volume (sum),0,um^3,Filament,,,,,,,1,,,100000044,
Filament Spine Volume (sum),0.046516,um^3,Filament,,,,,,,1,,,100000045,
Filament Spine Volume (sum),0,um^3,Filament,,,,,,,1,,,100000046,
Filament Spine Volume (sum),0.151333,um^3,Filament,,,,,,,1,,,100000047,
Filament Spine Volume (sum),0.0474021,um^3,Filament,,,,,,,1,,,100000048,
Filament Spine Volume (sum),0.0697414,um^3,Filament,,,,,,,1,,,100000049,
Filament Spine Volume (sum),0,um^3,Filament,,,,,,,1,,,100000050,
Filament Spine Volume (sum),0.051976,um^3,Filament,,,,,,,1,,,100000051,
Filament Spine Volume (sum),0,um^3,Filament,,,,,,,1,,,100000052,
Filament Spine Volume (sum),0.0488513,um^3,Filament,,,,,,,1,,,100000053,
Filament Spine Volume (sum),0,um^3,Filament,,,,,,,1,,,100000054,
Filament Spine Volume (sum),0.267594,um^3,Filament,,,,,,,1,,,100000055,
Filament Spine Volume (sum),0.048586,um^3,Filament,,,,,,,1,,,100000056,
Filament Spine Volume (sum),0.0993007,um^3,Filament,,,,,,,1,,,100000057,
Filament Spine Volume (sum),0,um^3,Filament,,,,,,,1,,,100000058,
Filament Spine Volume (sum),0.108482,um^3,Filament,,,,,,,1,,,100000059,
Filament Spine Volume (sum),0,um^3,Filament,,,,,,,1,,,100000060,
Filament Spine Volume (sum),0.0990627,um^3,Filament,,,,,,,1,,,100000061,
Filament Spine Volume (sum),0,um^3,Filament,,,,,,,1,,,100000062,
Filament Spine Volume (sum),0.100594,um^3,Filament,,,,,,,1,,,100000063,
Filament Spine Volume (sum),0,um^3,Filament,,,,,,,1,,,100000064,
Filament Spine Volume (sum),0.0994103,um^3,Filament,,,,,,,1,,,100000065,
Filament Spine Volume (sum),0,um^3,Filament,,,,,,,1,,,100000066,
Filament Spine Volume (sum),0.093152,um^3,Filament,,,,,,,1,,,100000067,
Filament Spine Volume (sum),0.0497882,um^3,Filament,,,,,,,1,,,100000068,
Filament Spine Volume (sum),0.0887984,um^3,Filament,,,,,,,1,,,100000069,
Filament Spine Volume (sum),0,um^3,Filament,,,,,,,1,,,100000070,
Filament Spine Volume (sum),0.102397,um^3,Filament,,,,,,,1,,,100000071,
Filament Spine Volume (sum),0,um^3,Filament,,,,,,,1,,,100000072,
Filament Spine Volume (sum),0.0470949,um^3,Filament,,,,,,,1,,,100000073,
Filament Spine Volume (sum),0,um^3,Filament,,,,,,,1,,,100000074,
Filament Spine Volume (sum),0.0480447,um^3,Filament,,,,,,,1,,,100000075,
Filament Spine Volume (sum),0,um^3,Filament,,,,,,,1,,,100000076,
Filament Spine Volume (sum),0.0537897,um^3,Filament,,,,,,,1,,,100000077,
Filament Spine Volume (sum),0,um^3,Filament,,,,,,,1,,,100000078,
Filament Spine Volume (sum),0.148733,um^3,Filament,,,,,,,1,,,100000079,
Filament Spine Volume (sum),0,um^3,Filament,,,,,,,1,,,100000080,
Filament Spine Volume (sum),0.0492137,um^3,Filament,,,,,,,1,,,100000081,
Filament Spine Volume (sum),0,um^3,Filament,,,,,,,1,,,100000082,
Filament Spine Volume (sum),0.104617,um^3,Filament,,,,,,,1,,,100000083,
Filament Spine Volume (sum),0.0543414,um^3,Filament,,,,,,,1,,,100000084,
Filament Spine Volume (sum),0.0555171,um^3,Filament,,,,,,,1,,,100000085,
Filament Spine Volume (sum),0,um^3,Filament,,,,,,,1,,,100000086,
Filament Spine Volume (sum),0.0523425,um^3,Filament,,,,,,,1,,,100000087,
Filament Spine Volume (sum),0,um^3,Filament,,,,,,,1,,,100000088,
Filament Time,0,s,Filament,,,,,,,1,,,100000000,
Filament Time,0,s,Filament,,,,,,,1,,,100000001,
Filament Time,0,s,Filament,,,,,,,1,,,100000002,
Filament Time,0,s,Filament,,,,,,,1,,,100000003,
Filament Time,0,s,Filament,,,,,,,1,,,100000004,
Filament Time,0,s,Filament,,,,,,,1,,,100000005,
Filament Time,0,s,Filament,,,,,,,1,,,100000006,
Filament Time,0,s,Filament,,,,,,,1,,,100000007,
Filament Time,0,s,Filament,,,,,,,1,,,100000008,
Filament Time,0,s,Filament,,,,,,,1,,,100000009,
Filament Time,0,s,Filament,,,,,,,1,,,100000010,
Filament Time,0,s,Filament,,,,,,,1,,,100000011,
Filament Time,0,s,Filament,,,,,,,1,,,100000012,
Filament Time,0,s,Filament,,,,,,,1,,,100000013,
Filament Time,0,s,Filament,,,,,,,1,,,100000014,
Filament Time,0,s,Filament,,,,,,,1,,,100000015,
Filament Time,0,s,Filament,,,,,,,1,,,100000016,
Filament Time,0,s,Filament,,,,,,,1,,,100000017,
Filament Time,0,s,Filament,,,,,,,1,,,100000018,
Filament Time,0,s,Filament,,,,,,,1,,,100000019,
Filament Time,0,s,Filament,,,,,,,1,,,100000020,
Filament Time,0,s,Filament,,,,,,,1,,,100000021,
Filament Time,0,s,Filament,,,,,,,1,,,100000022,
Filament Time,0,s,Filament,,,,,,,1,,,100000023,
Filament Time,0,s,Filament,,,,,,,1,,,100000024,
Filament Time,0,s,Filament,,,,,,,1,,,100000025,
Filament Time,0,s,Filament,,,,,,,1,,,100000026,
Filament Time,0,s,Filament,,,,,,,1,,,100000027,
Filament Time,0,s,Filament,,,,,,,1,,,100000028,
Filament Time,0,s,Filament,,,,,,,1,,,100000029,
Filament Time,0,s,Filament,,,,,,,1,,,100000030,
Filament Time,0,s,Filament,,,,,,,1,,,100000031,
Filament Time,0,s,Filament,,,,,,,1,,,100000032,
Filament Time,0,s,Filament,,,,,,,1,,,100000033,
Filament Time,0,s,Filament,,,,,,,1,,,100000034,
Filament Time,0,s,Filament,,,,,,,1,,,100000035,
Filament Time,0,s,Filament,,,,,,,1,,,100000036,
Filament Time,0,s,Filament,,,,,,,1,,,100000037,
Filament Time,0,s,Filament,,,,,,,1,,,100000038,
Filament Time,0,s,Filament,,,,,,,1,,,100000039,
Filament Time,0,s,Filament,,,,,,,1,,,100000040,
Filament Time,0,s,Filament,,,,,,,1,,,100000041,
Filament Time,0,s,Filament,,,,,,,1,,,100000042,
Filament Time,0,s,Filament,,,,,,,1,,,100000043,
Filament Time,0,s,Filament,,,,,,,1,,,100000044,
Filament Time,0,s,Filament,,,,,,,1,,,100000045,
Filament Time,0,s,Filament,,,,,,,1,,,100000046,
Filament Time,0,s,Filament,,,,,,,1,,,100000047,
Filament Time,0,s,Filament,,,,,,,1,,,100000048,
Filament Time,0,s,Filament,,,,,,,1,,,100000049,
Filament Time,0,s,Filament,,,,,,,1,,,100000050,
Filament Time,0,s,Filament,,,,,,,1,,,100000051,
Filament Time,0,s,Filament,,,,,,,1,,,100000052,
Filament Time,0,s,Filament,,,,,,,1,,,100000053,
Filament Time,0,s,Filament,,,,,,,1,,,100000054,
Filament Time,0,s,Filament,,,,,,,1,,,100000055,
Filament Time,0,s,Filament,,,,,,,1,,,100000056,
Filament Time,0,s,Filament,,,,,,,1,,,100000057,
Filament Time,0,s,Filament,,,,,,,1,,,100000058,
Filament Time,0,s,Filament,,,,,,,1,,,100000059,
Filament Time,0,s,Filament,,,,,,,1,,,100000060,
Filament Time,0,s,Filament,,,,,,,1,,,100000061,
Filament Time,0,s,Filament,,,,,,,1,,,100000062,
Filament Time,0,s,Filament,,,,,,,1,,,100000063,
Filament Time,0,s,Filament,,,,,,,1,,,100000064,
Filament Time,0,s,Filament,,,,,,,1,,,100000065,
Filament Time,0,s,Filament,,,,,,,1,,,100000066,
Filament Time,0,s,Filament,,,,,,,1,,,100000067,
Filament Time,0,s,Filament,,,,,,,1,,,100000068,
Filament Time,0,s,Filament,,,,,,,1,,,100000069,
Filament Time,0,s,Filament,,,,,,,1,,,100000070,
Filament Time,0,s,Filament,,,,,,,1,,,100000071,
Filament Time,0,s,Filament,,,,,,,1,,,100000072,
Filament Time,0,s,Filament,,,,,,,1,,,100000073,
Filament Time,0,s,Filament,,,,,,,1,,,100000074,
Filament Time,0,s,Filament,,,,,,,1,,,100000075,
Filament Time,0,s,Filament,,,,,,,1,,,100000076,
Filament Time,0,s,Filament,,,,,,,1,,,100000077,
Filament Time,0,s,Filament,,,,,,,1,,,100000078,
Filament Time,0,s,Filament,,,,,,,1,,,100000079,
Filament Time,0,s,Filament,,,,,,,1,,,100000080,
Filament Time,0,s,Filament,,,,,,,1,,,100000081,
Filament Time,0,s,Filament,,,,,,,1,,,100000082,
Filament Time,0,s,Filament,,,,,,,1,,,100000083,
Filament Time,0,s,Filament,,,,,,,1,,,100000084,
Filament Time,0,s,Filament,,,,,,,1,,,100000085,
Filament Time,0,s,Filament,,,,,,,1,,,100000086,
Filament Time,0,s,Filament,,,,,,,1,,,100000087,
Filament Time,0,s,Filament,,,,,,,1,,,100000088,
Filament Time Index,1,,Filament,,,,,,,1,,,100000000,
Filament Time Index,1,,Filament,,,,,,,1,,,100000001,
Filament Time Index,1,,Filament,,,,,,,1,,,100000002,
Filament Time Index,1,,Filament,,,,,,,1,,,100000003,
Filament Time Index,1,,Filament,,,,,,,1,,,100000004,
Filament Time Index,1,,Filament,,,,,,,1,,,100000005,
Filament Time Index,1,,Filament,,,,,,,1,,,100000006,
Filament Time Index,1,,Filament,,,,,,,1,,,100000007,
Filament Time Index,1,,Filament,,,,,,,1,,,100000008,
Filament Time Index,1,,Filament,,,,,,,1,,,100000009,
Filament Time Index,1,,Filament,,,,,,,1,,,100000010,
Filament Time Index,1,,Filament,,,,,,,1,,,100000011,
Filament Time Index,1,,Filament,,,,,,,1,,,100000012,
Filament Time Index,1,,Filament,,,,,,,1,,,100000013,
Filament Time Index,1,,Filament,,,,,,,1,,,100000014,
Filament Time Index,1,,Filament,,,,,,,1,,,100000015,
Filament Time Index,1,,Filament,,,,,,,1,,,100000016,
Filament Time Index,1,,Filament,,,,,,,1,,,100000017,
Filament Time Index,1,,Filament,,,,,,,1,,,100000018,
Filament Time Index,1,,Filament,,,,,,,1,,,100000019,
Filament Time Index,1,,Filament,,,,,,,1,,,100000020,
Filament Time Index,1,,Filament,,,,,,,1,,,100000021,
Filament Time Index,1,,Filament,,,,,,,1,,,100000022,
Filament Time Index,1,,Filament,,,,,,,1,,,100000023,
Filament Time Index,1,,Filament,,,,,,,1,,,100000024,
Filament Time Index,1,,Filament,,,,,,,1,,,100000025,
Filament Time Index,1,,Filament,,,,,,,1,,,100000026,
Filament Time Index,1,,Filament,,,,,,,1,,,100000027,
Filament Time Index,1,,Filament,,,,,,,1,,,100000028,
Filament Time Index,1,,Filament,,,,,,,1,,,100000029,
Filament Time Index,1,,Filament,,,,,,,1,,,100000030,
Filament Time Index,1,,Filament,,,,,,,1,,,100000031,
Filament Time Index,1,,Filament,,,,,,,1,,,100000032,
Filament Time Index,1,,Filament,,,,,,,1,,,100000033,
Filament Time Index,1,,Filament,,,,,,,1,,,100000034,
Filament Time Index,1,,Filament,,,,,,,1,,,100000035,
Filament Time Index,1,,Filament,,,,,,,1,,,100000036,
Filament Time Index,1,,Filament,,,,,,,1,,,100000037,
Filament Time Index,1,,Filament,,,,,,,1,,,100000038,
Filament Time Index,1,,Filament,,,,,,,1,,,100000039,
Filament Time Index,1,,Filament,,,,,,,1,,,100000040,
Filament Time Index,1,,Filament,,,,,,,1,,,100000041,
Filament Time Index,1,,Filament,,,,,,,1,,,100000042,
Filament Time Index,1,,Filament,,,,,,,1,,,100000043,
Filament Time Index,1,,Filament,,,,,,,1,,,100000044,
Filament Time Index,1,,Filament,,,,,,,1,,,100000045,
Filament Time Index,1,,Filament,,,,,,,1,,,100000046,
Filament Time Index,1,,Filament,,,,,,,1,,,100000047,
Filament Time Index,1,,Filament,,,,,,,1,,,100000048,
Filament Time Index,1,,Filament,,,,,,,1,,,100000049,
Filament Time Index,1,,Filament,,,,,,,1,,,100000050,
Filament Time Index,1,,Filament,,,,,,,1,,,100000051,
Filament Time Index,1,,Filament,,,,,,,1,,,100000052,
Filament Time Index,1,,Filament,,,,,,,1,,,100000053,
Filament Time Index,1,,Filament,,,,,,,1,,,100000054,
Filament Time Index,1,,Filament,,,,,,,1,,,100000055,
Filament Time Index,1,,Filament,,,,,,,1,,,100000056,
Filament Time Index,1,,Filament,,,,,,,1,,,100000057,
Filament Time Index,1,,Filament,,,,,,,1,,,100000058,
Filament Time Index,1,,Filament,,,,,,,1,,,100000059,
Filament Time Index,1,,Filament,,,,,,,1,,,100000060,
Filament Time Index,1,,Filament,,,,,,,1,,,100000061,
Filament Time Index,1,,Filament,,,,,,,1,,,100000062,
Filament Time Index,1,,Filament,,,,,,,1,,,100000063,
Filament Time Index,1,,Filament,,,,,,,1,,,100000064,
Filament Time Index,1,,Filament,,,,,,,1,,,100000065,
Filament Time Index,1,,Filament,,,,,,,1,,,100000066,
Filament Time Index,1,,Filament,,,,,,,1,,,100000067,
Filament Time Index,1,,Filament,,,,,,,1,,,100000068,
Filament Time Index,1,,Filament,,,,,,,1,,,100000069,
Filament Time Index,1,,Filament,,,,,,,1,,,100000070,
Filament Time Index,1,,Filament,,,,,,,1,,,100000071,
Filament Time Index,1,,Filament,,,,,,,1,,,100000072,
Filament Time Index,1,,Filament,,,,,,,1,,,100000073,
Filament Time Index,1,,Filament,,,,,,,1,,,100000074,
Filament Time Index,1,,Filament,,,,,,,1,,,100000075,
Filament Time Index,1,,Filament,,,,,,,1,,,100000076,
Filament Time Index,1,,Filament,,,,,,,1,,,100000077,
Filament Time Index,1,,Filament,,,,,,,1,,,100000078,
Filament Time Index,1,,Filament,,,,,,,1,,,100000079,
Filament Time Index,1,,Filament,,,,,,,1,,,100000080,
Filament Time Index,1,,Filament,,,,,,,1,,,100000081,
Filament Time Index,1,,Filament,,,,,,,1,,,100000082,
Filament Time Index,1,,Filament,,,,,,,1,,,100000083,
Filament Time Index,1,,Filament,,,,,,,1,,,100000084,
Filament Time Index,1,,Filament,,,,,,,1,,,100000085,
Filament Time Index,1,,Filament,,,,,,,1,,,100000086,
Filament Time Index,1,,Filament,,,,,,,1,,,100000087,
Filament Time Index,1,,Filament,,,,,,,1,,,100000088,
Filament Volume (sum),32.3388,um^3,Filament,,,,,,,1,,,100000000,
Filament Volume (sum),0.0771498,um^3,Filament,,,,,,,1,,,100000001,
Filament Volume (sum),0,um^3,Filament,,,,,,,1,,,100000002,
Filament Volume (sum),0.0413756,um^3,Filament,,,,,,,1,,,100000003,
Filament Volume (sum),0,um^3,Filament,,,,,,,1,,,100000004,
Filament Volume (sum),0.042486,um^3,Filament,,,,,,,1,,,100000005,
Filament Volume (sum),0,um^3,Filament,,,,,,,1,,,100000006,
Filament Volume (sum),0.106453,um^3,Filament,,,,,,,1,,,100000007,
Filament Volume (sum),0,um^3,Filament,,,,,,,1,,,100000008,
Filament Volume (sum),0,um^3,Filament,,,,,,,1,,,100000009,
Filament Volume (sum),0.139271,um^3,Filament,,,,,,,1,,,100000010,
Filament Volume (sum),0.0544131,um^3,Filament,,,,,,,1,,,100000011,
Filament Volume (sum),0.430241,um^3,Filament,,,,,,,1,,,100000012,
Filament Volume (sum),0.354154,um^3,Filament,,,,,,,1,,,100000013,
Filament Volume (sum),0.348714,um^3,Filament,,,,,,,1,,,100000014,
Filament Volume (sum),0.812559,um^3,Filament,,,,,,,1,,,100000015,
Filament Volume (sum),0.364112,um^3,Filament,,,,,,,1,,,100000016,
Filament Volume (sum),0.814466,um^3,Filament,,,,,,,1,,,100000017,
Filament Volume (sum),0,um^3,Filament,,,,,,,1,,,100000018,
Filament Volume (sum),0.725225,um^3,Filament,,,,,,,1,,,100000019,
Filament Volume (sum),0,um^3,Filament,,,,,,,1,,,100000020,
Filament Volume (sum),0.0533539,um^3,Filament,,,,,,,1,,,100000021,
Filament Volume (sum),0,um^3,Filament,,,,,,,1,,,100000022,
Filament Volume (sum),0.0483729,um^3,Filament,,,,,,,1,,,100000023,
Filament Volume (sum),0,um^3,Filament,,,,,,,1,,,100000024,
Filament Volume (sum),0.0990576,um^3,Filament,,,,,,,1,,,100000025,
Filament Volume (sum),0,um^3,Filament,,,,,,,1,,,100000026,
Filament Volume (sum),0.0510141,um^3,Filament,,,,,,,1,,,100000027,
Filament Volume (sum),0,um^3,Filament,,,,,,,1,,,100000028,
Filament Volume (sum),0.098333,um^3,Filament,,,,,,,1,,,100000029,
Filament Volume (sum),0,um^3,Filament,,,,,,,1,,,100000030,
Filament Volume (sum),0.138162,um^3,Filament,,,,,,,1,,,100000031,
Filament Volume (sum),0,um^3,Filament,,,,,,,1,,,100000032,
Filament Volume (sum),0.20297,um^3,Filament,,,,,,,1,,,100000033,
Filament Volume (sum),0,um^3,Filament,,,,,,,1,,,100000034,
Filament Volume (sum),0.140516,um^3,Filament,,,,,,,1,,,100000035,
Filament Volume (sum),0.0505106,um^3,Filament,,,,,,,1,,,100000036,
Filament Volume (sum),0.153203,um^3,Filament,,,,,,,1,,,100000037,
Filament Volume (sum),0.0491086,um^3,Filament,,,,,,,1,,,100000038,
Filament Volume (sum),0.15556,um^3,Filament,,,,,,,1,,,100000039,
Filament Volume (sum),0.104798,um^3,Filament,,,,,,,1,,,100000040,
Filament Volume (sum),0.0482859,um^3,Filament,,,,,,,1,,,100000041,
Filament Volume (sum),0,um^3,Filament,,,,,,,1,,,100000042,
Filament Volume (sum),0.0518324,um^3,Filament,,,,,,,1,,,100000043,
Filament Volume (sum),0,um^3,Filament,,,,,,,1,,,100000044,
Filament Volume (sum),0.046516,um^3,Filament,,,,,,,1,,,100000045,
Filament Volume (sum),0,um^3,Filament,,,,,,,1,,,100000046,
Filament Volume (sum),0.151333,um^3,Filament,,,,,,,1,,,100000047,
Filament Volume (sum),0.0474021,um^3,Filament,,,,,,,1,,,100000048,
Filament Volume (sum),0.0697414,um^3,Filament,,,,,,,1,,,100000049,
Filament Volume (sum),0,um^3,Filament,,,,,,,1,,,100000050,
Filament Volume (sum),0.051976,um^3,Filament,,,,,,,1,,,100000051,
Filament Volume (sum),0,um^3,Filament,,,,,,,1,,,100000052,
Filament Volume (sum),0.0488513,um^3,Filament,,,,,,,1,,,100000053,
Filament Volume (sum),0,um^3,Filament,,,,,,,1,,,100000054,
Filament Volume (sum),0.267594,um^3,Filament,,,,,,,1,,,100000055,
Filament Volume (sum),0.048586,um^3,Filament,,,,,,,1,,,100000056,
Filament Volume (sum),0.0993007,um^3,Filament,,,,,,,1,,,100000057,
Filament Volume (sum),0,um^3,Filament,,,,,,,1,,,100000058,
Filament Volume (sum),0.108482,um^3,Filament,,,,,,,1,,,100000059,
Filament Volume (sum),0,um^3,Filament,,,,,,,1,,,100000060,
Filament Volume (sum),0.0990627,um^3,Filament,,,,,,,1,,,100000061,
Filament Volume (sum),0,um^3,Filament,,,,,,,1,,,100000062,
Filament Volume (sum),0.100594,um^3,Filament,,,,,,,1,,,100000063,
Filament Volume (sum),0,um^3,Filament,,,,,,,1,,,100000064,
Filament Volume (sum),0.0994103,um^3,Filament,,,,,,,1,,,100000065,
Filament Volume (sum),0,um^3,Filament,,,,,,,1,,,100000066,
Filament Volume (sum),0.093152,um^3,Filament,,,,,,,1,,,100000067,
Filament Volume (sum),0.0497882,um^3,Filament,,,,,,,1,,,100000068,
Filament Volume (sum),0.0887984,um^3,Filament,,,,,,,1,,,100000069,
Filament Volume (sum),0,um^3,Filament,,,,,,,1,,,100000070,
Filament Volume (sum),0.102397,um^3,Filament,,,,,,,1,,,100000071,
Filament Volume (sum),0,um^3,Filament,,,,,,,1,,,100000072,
Filament Volume (sum),0.0470949,um^3,Filament,,,,,,,1,,,100000073,
Filament Volume (sum),0,um^3,Filament,,,,,,,1,,,100000074,
Filament Volume (sum),0.0480447,um^3,Filament,,,,,,,1,,,100000075,
Filament Volume (sum),0,um^3,Filament,,,,,,,1,,,100000076,
Filament Volume (sum),0.0537897,um^3,Filament,,,,,,,1,,,100000077,
Filament Volume (sum),0,um^3,Filament,,,,,,,1,,,100000078,
Filament Volume (sum),0.148733,um^3,Filament,,,,,,,1,,,100000079,
Filament Volume (sum),0,um^3,Filament,,,,,,,1,,,100000080,
Filament Volume (sum),0.0492137,um^3,Filament,,,,,,,1,,,100000081,
Filament Volume (sum),0,um^3,Filament,,,,,,,1,,,100000082,
Filament Volume (sum),0.104617,um^3,Filament,,,,,,,1,,,100000083,
Filament Volume (sum),0.0543414,um^3,Filament,,,,,,,1,,,100000084,
Filament Volume (sum),0.0555171,um^3,Filament,,,,,,,1,,,100000085,
Filament Volume (sum),0,um^3,Filament,,,,,,,1,,,100000086,
Filament Volume (sum),0.0523425,um^3,Filament,,,,,,,1,,,100000087,
Filament Volume (sum),0,um^3,Filament,,,,,,,1,,,100000088,
Pt Distance from Origin,17.091,um,Point,,Pt Distance from Origin,0,,,,1,Dendrite Beginning,100000000,800000000,
Pt Distance from Origin,25.3246,um,Point,,Pt Distance from Origin,0,,,,1,Spine Attachment,100000000,800000001,
Pt Distance from Origin,88.7919,um,Point,,Pt Distance from Origin,0,,,,1,Dendrite Terminal,100000000,800000002,
Pt Distance from Origin,24.4774,um,Point,,Pt Distance from Origin,0,,,,1,Spine Terminal,100000000,800000003,
Pt Distance from Origin,26.1706,um,Point,,Pt Distance from Origin,0,,,,1,Spine Terminal,100000000,800000004,
Pt Distance from Origin,17.8428,um,Point,,Pt Distance from Origin,0,,,,1,Dendrite Beginning,100000001,800000005,
Pt Distance from Origin,15.9259,um,Point,,Pt Distance from Origin,0,,,,1,Spine Terminal,100000001,800000006,
Pt Distance from Origin,16.1594,um,Point,,Pt Distance from Origin,,,,,1,Dendrite Beginning,100000002,800000007,
Pt Distance from Origin,20.6387,um,Point,,Pt Distance from Origin,0,,,,1,Dendrite Beginning,100000003,800000008,
Pt Distance from Origin,19.6781,um,Point,,Pt Distance from Origin,0,,,,1,Spine Terminal,100000003,800000009,
Pt Distance from Origin,19.5488,um,Point,,Pt Distance from Origin,,,,,1,Dendrite Beginning,100000004,800000010,
Pt Distance from Origin,21.7323,um,Point,,Pt Distance from Origin,0,,,,1,Dendrite Beginning,100000005,800000011,
Pt Distance from Origin,21.7984,um,Point,,Pt Distance from Origin,0,,,,1,Spine Terminal,100000005,800000012,
Pt Distance from Origin,22.1759,um,Point,,Pt Distance from Origin,,,,,1,Dendrite Beginning,100000006,800000013,
Pt Distance from Origin,22.5887,um,Point,,Pt Distance from Origin,0,,,,1,Dendrite Beginning,100000007,800000014,
Pt Distance from Origin,23.3729,um,Point,,Pt Distance from Origin,0,,,,1,Spine Terminal,100000007,800000015,
Pt Distance from Origin,23.153,um,Point,,Pt Distance from Origin,,,,,1,Dendrite Beginning,100000008,800000016,
Pt Distance from Origin,24.5767,um,Point,,Pt Distance from Origin,,,,,1,Dendrite Beginning,100000009,800000017,
Pt Distance from Origin,26.4914,um,Point,,Pt Distance from Origin,0,,,,1,Dendrite Beginning,100000010,800000018,
Pt Distance from Origin,26.2114,um,Point,,Pt Distance from Origin,0,,,,1,Spine Terminal,100000010,800000019,
Pt Distance from Origin,26.707,um,Point,,Pt Distance from Origin,0,,,,1,Dendrite Beginning,100000011,800000020,
Pt Distance from Origin,25.6323,um,Point,,Pt Distance from Origin,0,,,,1,Spine Terminal,100000011,800000021,
Pt Distance from Origin,27.0955,um,Point,,Pt Distance from Origin,0,,,,1,Dendrite Beginning,100000012,800000022,
Pt Distance from Origin,25.8729,um,Point,,Pt Distance from Origin,0,,,,1,Spine Terminal,100000012,800000023,
Pt Distance from Origin,28.2366,um,Point,,Pt Distance from Origin,0,,,,1,Dendrite Beginning,100000013,800000024,
Pt Distance from Origin,27.4326,um,Point,,Pt Distance from Origin,0,,,,1,Spine Terminal,100000013,800000025,
Pt Distance from Origin,27.6325,um,Point,,Pt Distance from Origin,0,,,,1,Dendrite Beginning,100000014,800000026,
Pt Distance from Origin,26.8707,um,Point,,Pt Distance from Origin,0,,,,1,Spine Terminal,100000014,800000027,
Pt Distance from Origin,29.379,um,Point,,Pt Distance from Origin,0,,,,1,Dendrite Beginning,100000015,800000028,
Pt Distance from Origin,30.743,um,Point,,Pt Distance from Origin,0,,,,1,Spine Terminal,100000015,800000029,
Pt Distance from Origin,31.1422,um,Point,,Pt Distance from Origin,0,,,,1,Dendrite Beginning,100000016,800000030,
Pt Distance from Origin,30.209,um,Point,,Pt Distance from Origin,0,,,,1,Spine Terminal,100000016,800000031,
Pt Distance from Origin,31.4874,um,Point,,Pt Distance from Origin,0,,,,1,Dendrite Beginning,100000017,800000032,
Pt Distance from Origin,33.0434,um,Point,,Pt Distance from Origin,0,,,,1,Spine Terminal,100000017,800000033,
Pt Distance from Origin,33.0144,um,Point,,Pt Distance from Origin,,,,,1,Dendrite Beginning,100000018,800000034,
Pt Distance from Origin,35.3646,um,Point,,Pt Distance from Origin,0,,,,1,Dendrite Beginning,100000019,800000035,
Pt Distance from Origin,34.2256,um,Point,,Pt Distance from Origin,0,,,,1,Spine Terminal,100000019,800000036,
Pt Distance from Origin,34.0793,um,Point,,Pt Distance from Origin,,,,,1,Dendrite Beginning,100000020,800000037,
Pt Distance from Origin,32.9097,um,Point,,Pt Distance from Origin,0,,,,1,Dendrite Beginning,100000021,800000038,
Pt Distance from Origin,32.708,um,Point,,Pt Distance from Origin,0,,,,1,Spine Terminal,100000021,800000039,
Pt Distance from Origin,32.8662,um,Point,,Pt Distance from Origin,,,,,1,Dendrite Beginning,100000022,800000040,
Pt Distance from Origin,34.0683,um,Point,,Pt Distance from Origin,0,,,,1,Dendrite Beginning,100000023,800000041,
Pt Distance from Origin,34.0396,um,Point,,Pt Distance from Origin,0,,,,1,Spine Terminal,100000023,800000042,
Pt Distance from Origin,34.3863,um,Point,,Pt Distance from Origin,,,,,1,Dendrite Beginning,100000024,800000043,
Pt Distance from Origin,37.1755,um,Point,,Pt Distance from Origin,0,,,,1,Dendrite Beginning,100000025,800000044,
Pt Distance from Origin,36.1553,um,Point,,Pt Distance from Origin,0,,,,1,Spine Terminal,100000025,800000045,
Pt Distance from Origin,36.5674,um,Point,,Pt Distance from Origin,,,,,1,Dendrite Beginning,100000026,800000046,
Pt Distance from Origin,39.3061,um,Point,,Pt Distance from Origin,0,,,,1,Dendrite Beginning,100000027,800000047,
Pt Distance from Origin,39.2594,um,Point,,Pt Distance from Origin,0,,,,1,Spine Terminal,100000027,800000048,
Pt Distance from Origin,39.5523,um,Point,,Pt Distance from Origin,,,,,1,Dendrite Beginning,100000028,800000049,
Pt Distance from Origin,40.3968,um,Point,,Pt Distance from Origin,0,,,,1,Dendrite Beginning,100000029,800000050,
Pt Distance from Origin,41.3698,um,Point,,Pt Distance from Origin,0,,,,1,Spine Terminal,100000029,800000051,
Pt Distance from Origin,41.5652,um,Point,,Pt Distance from Origin,,,,,1,Dendrite Beginning,100000030,800000052,
Pt Distance from Origin,38.2055,um,Point,,Pt Distance from Origin,0,,,,1,Dendrite Beginning,100000031,800000053,
Pt Distance from Origin,40.4878,um,Point,,Pt Distance from Origin,0,,,,1,Spine Terminal,100000031,800000054,
Pt Distance from Origin,39.8471,um,Point,,Pt Distance from Origin,,,,,1,Dendrite Beginning,100000032,800000055,
Pt Distance from Origin,41.8065,um,Point,,Pt Distance from Origin,0,,,,1,Dendrite Beginning,100000033,800000056,
Pt Distance from Origin,40.5233,um,Point,,Pt Distance from Origin,0,,,,1,Spine Terminal,100000033,800000057,
Pt Distance from Origin,41.0535,um,Point,,Pt Distance from Origin,,,,,1,Dendrite Beginning,100000034,800000058,
Pt Distance from Origin,41.4915,um,Point,,Pt Distance from Origin,0,,,,1,Dendrite Beginning,100000035,800000059,
Pt Distance from Origin,42.5286,um,Point,,Pt Distance from Origin,0,,,,1,Spine Terminal,100000035,800000060,
Pt Distance from Origin,42.162,um,Point,,Pt Distance from Origin,0,,,,1,Dendrite Beginning,100000036,800000061,
Pt Distance from Origin,42.3937,um,Point,,Pt Distance from Origin,0,,,,1,Spine Terminal,100000036,800000062,
Pt Distance from Origin,43.4513,um,Point,,Pt Distance from Origin,0,,,,1,Dendrite Beginning,100000037,800000063,
Pt Distance from Origin,43.8404,um,Point,,Pt Distance from Origin,0,,,,1,Spine Terminal,100000037,800000064,
Pt Distance from Origin,44.3201,um,Point,,Pt Distance from Origin,0,,,,1,Dendrite Beginning,100000038,800000065,
Pt Distance from Origin,43.2549,um,Point,,Pt Distance from Origin,0,,,,1,Spine Terminal,100000038,800000066,
Pt Distance from Origin,45.7447,um,Point,,Pt Distance from Origin,0,,,,1,Dendrite Beginning,100000039,800000067,
Pt Distance from Origin,46.6365,um,Point,,Pt Distance from Origin,0,,,,1,Spine Terminal,100000039,800000068,
Pt Distance from Origin,47.2395,um,Point,,Pt Distance from Origin,0,,,,1,Dendrite Beginning,100000040,800000069,
Pt Distance from Origin,45.0717,um,Point,,Pt Distance from Origin,0,,,,1,Spine Terminal,100000040,800000070,
Pt Distance from Origin,47.3464,um,Point,,Pt Distance from Origin,0,,,,1,Dendrite Beginning,100000041,800000071,
Pt Distance from Origin,48.3652,um,Point,,Pt Distance from Origin,0,,,,1,Spine Terminal,100000041,800000072,
Pt Distance from Origin,48.6894,um,Point,,Pt Distance from Origin,,,,,1,Dendrite Beginning,100000042,800000073,
Pt Distance from Origin,49.3037,um,Point,,Pt Distance from Origin,0,,,,1,Dendrite Beginning,100000043,800000074,
Pt Distance from Origin,49.5209,um,Point,,Pt Distance from Origin,0,,,,1,Spine Terminal,100000043,800000075,
Pt Distance from Origin,49.8564,um,Point,,Pt Distance from Origin,,,,,1,Dendrite Beginning,100000044,800000076,
Pt Distance from Origin,50.8732,um,Point,,Pt Distance from Origin,0,,,,1,Dendrite Beginning,100000045,800000077,
Pt Distance from Origin,50.8679,um,Point,,Pt Distance from Origin,0,,,,1,Spine Terminal,100000045,800000078,
Pt Distance from Origin,51.2418,um,Point,,Pt Distance from Origin,,,,,1,Dendrite Beginning,100000046,800000079,
Pt Distance from Origin,49.6496,um,Point,,Pt Distance from Origin,0,,,,1,Dendrite Beginning,100000047,800000080,
Pt Distance from Origin,50.4477,um,Point,,Pt Distance from Origin,0,,,,1,Spine Terminal,100000047,800000081,
Pt Distance from Origin,51.0439,um,Point,,Pt Distance from Origin,0,,,,1,Dendrite Beginning,100000048,800000082,
Pt Distance from Origin,50.2522,um,Point,,Pt Distance from Origin,0,,,,1,Spine Terminal,100000048,800000083,
Pt Distance from Origin,53.2703,um,Point,,Pt Distance from Origin,0,,,,1,Dendrite Beginning,100000049,800000084,
Pt Distance from Origin,54.4129,um,Point,,Pt Distance from Origin,0,,,,1,Spine Terminal,100000049,800000085,
Pt Distance from Origin,54.5775,um,Point,,Pt Distance from Origin,,,,,1,Dendrite Beginning,100000050,800000086,
Pt Distance from Origin,56.8412,um,Point,,Pt Distance from Origin,0,,,,1,Dendrite Beginning,100000051,800000087,
Pt Distance from Origin,57.006,um,Point,,Pt Distance from Origin,0,,,,1,Spine Terminal,100000051,800000088,
Pt Distance from Origin,57.142,um,Point,,Pt Distance from Origin,,,,,1,Dendrite Beginning,100000052,800000089,
Pt Distance from Origin,58.243,um,Point,,Pt Distance from Origin,0,,,,1,Dendrite Beginning,100000053,800000090,
Pt Distance from Origin,58.2749,um,Point,,Pt Distance from Origin,0,,,,1,Spine Terminal,100000053,800000091,
Pt Distance from Origin,58.3647,um,Point,,Pt Distance from Origin,,,,,1,Dendrite Beginning,100000054,800000092,
Pt Distance from Origin,61.2524,um,Point,,Pt Distance from Origin,0,,,,1,Dendrite Beginning,100000055,800000093,
Pt Distance from Origin,63.7168,um,Point,,Pt Distance from Origin,0,,,,1,Spine Terminal,100000055,800000094,
Pt Distance from Origin,64.2402,um,Point,,Pt Distance from Origin,0,,,,1,Dendrite Beginning,100000056,800000095,
Pt Distance from Origin,63.2726,um,Point,,Pt Distance from Origin,0,,,,1,Spine Terminal,100000056,800000096,
Pt Distance from Origin,62.3679,um,Point,,Pt Distance from Origin,0,,,,1,Dendrite Beginning,100000057,800000097,
Pt Distance from Origin,62.2525,um,Point,,Pt Distance from Origin,0,,,,1,Spine Terminal,100000057,800000098,
Pt Distance from Origin,62.7918,um,Point,,Pt Distance from Origin,,,,,1,Dendrite Beginning,100000058,800000099,
Pt Distance from Origin,64.895,um,Point,,Pt Distance from Origin,0,,,,1,Dendrite Beginning,100000059,800000100,
Pt Distance from Origin,64.1833,um,Point,,Pt Distance from Origin,0,,,,1,Spine Terminal,100000059,800000101,
Pt Distance from Origin,64.6145,um,Point,,Pt Distance from Origin,,,,,1,Dendrite Beginning,100000060,800000102,
Pt Distance from Origin,67.5349,um,Point,,Pt Distance from Origin,0,,,,1,Dendrite Beginning,100000061,800000103,
Pt Distance from Origin,68.2822,um,Point,,Pt Distance from Origin,0,,,,1,Spine Terminal,100000061,800000104,
Pt Distance from Origin,68.4132,um,Point,,Pt Distance from Origin,,,,,1,Dendrite Beginning,100000062,800000105,
Pt Distance from Origin,68.572,um,Point,,Pt Distance from Origin,0,,,,1,Dendrite Beginning,100000063,800000106,
Pt Distance from Origin,66.767,um,Point,,Pt Distance from Origin,0,,,,1,Spine Terminal,100000063,800000107,
Pt Distance from Origin,66.786,um,Point,,Pt Distance from Origin,,,,,1,Dendrite Beginning,100000064,800000108,
Pt Distance from Origin,69.6276,um,Point,,Pt Distance from Origin,0,,,,1,Dendrite Beginning,100000065,800000109,
Pt Distance from Origin,69.195,um,Point,,Pt Distance from Origin,0,,,,1,Spine Terminal,100000065,800000110,
Pt Distance from Origin,69.5211,um,Point,,Pt Distance from Origin,,,,,1,Dendrite Beginning,100000066,800000111,
Pt Distance from Origin,72.0301,um,Point,,Pt Distance from Origin,0,,,,1,Dendrite Beginning,100000067,800000112,
Pt Distance from Origin,71.6818,um,Point,,Pt Distance from Origin,0,,,,1,Spine Terminal,100000067,800000113,
Pt Distance from Origin,72.1375,um,Point,,Pt Distance from Origin,0,,,,1,Dendrite Beginning,100000068,800000114,
Pt Distance from Origin,71.1065,um,Point,,Pt Distance from Origin,0,,,,1,Spine Terminal,100000068,800000115,
Pt Distance from Origin,70.3476,um,Point,,Pt Distance from Origin,0,,,,1,Dendrite Beginning,100000069,800000116,
Pt Distance from Origin,70.3774,um,Point,,Pt Distance from Origin,0,,,,1,Spine Terminal,100000069,800000117,
Pt Distance from Origin,70.536,um,Point,,Pt Distance from Origin,,,,,1,Dendrite Beginning,100000070,800000118,
Pt Distance from Origin,73.9236,um,Point,,Pt Distance from Origin,0,,,,1,Dendrite Beginning,100000071,800000119,
Pt Distance from Origin,73.9008,um,Point,,Pt Distance from Origin,0,,,,1,Spine Terminal,100000071,800000120,
Pt Distance from Origin,74.4389,um,Point,,Pt Distance from Origin,,,,,1,Dendrite Beginning,100000072,800000121,
Pt Distance from Origin,74.4809,um,Point,,Pt Distance from Origin,0,,,,1,Dendrite Beginning,100000073,800000122,
Pt Distance from Origin,74.7014,um,Point,,Pt Distance from Origin,0,,,,1,Spine Terminal,100000073,800000123,
Pt Distance from Origin,75.2194,um,Point,,Pt Distance from Origin,,,,,1,Dendrite Beginning,100000074,800000124,
Pt Distance from Origin,73.1563,um,Point,,Pt Distance from Origin,0,,,,1,Dendrite Beginning,100000075,800000125,
Pt Distance from Origin,73.5486,um,Point,,Pt Distance from Origin,0,,,,1,Spine Terminal,100000075,800000126,
Pt Distance from Origin,73.876,um,Point,,Pt Distance from Origin,,,,,1,Dendrite Beginning,100000076,800000127,
Pt Distance from Origin,77.2239,um,Point,,Pt Distance from Origin,0,,,,1,Dendrite Beginning,100000077,800000128,
Pt Distance from Origin,77.2664,um,Point,,Pt Distance from Origin,0,,,,1,Spine Terminal,100000077,800000129,
Pt Distance from Origin,77.7031,um,Point,,Pt Distance from Origin,,,,,1,Dendrite Beginning,100000078,800000130,
Pt Distance from Origin,79.0319,um,Point,,Pt Distance from Origin,0,,,,1,Dendrite Beginning,100000079,800000131,
Pt Distance from Origin,81.4284,um,Point,,Pt Distance from Origin,0,,,,1,Spine Terminal,100000079,800000132,
Pt Distance from Origin,80.9281,um,Point,,Pt Distance from Origin,,,,,1,Dendrite Beginning,100000080,800000133,
Pt Distance from Origin,81.425,um,Point,,Pt Distance from Origin,0,,,,1,Dendrite Beginning,100000081,800000134,
Pt Distance from Origin,81.6886,um,Point,,Pt Distance from Origin,0,,,,1,Spine Terminal,100000081,800000135,
Pt Distance from Origin,81.9595,um,Point,,Pt Distance from Origin,,,,,1,Dendrite Beginning,100000082,800000136,
Pt Distance from Origin,86.1666,um,Point,,Pt Distance from Origin,0,,,,1,Dendrite Beginning,100000083,800000137,
Pt Distance from Origin,86.1937,um,Point,,Pt Distance from Origin,0,,,,1,Spine Terminal,100000083,800000138,
Pt Distance from Origin,87.2548,um,Point,,Pt Distance from Origin,0,,,,1,Dendrite Beginning,100000084,800000139,
Pt Distance from Origin,86.0872,um,Point,,Pt Distance from Origin,0,,,,1,Spine Terminal,100000084,800000140,
Pt Distance from Origin,84.7921,um,Point,,Pt Distance from Origin,0,,,,1,Dendrite Beginning,100000085,800000141,
Pt Distance from Origin,83.7104,um,Point,,Pt Distance from Origin,0,,,,1,Spine Terminal,100000085,800000142,
Pt Distance from Origin,83.1086,um,Point,,Pt Distance from Origin,,,,,1,Dendrite Beginning,100000086,800000143,
Pt Distance from Origin,82.5137,um,Point,,Pt Distance from Origin,0,,,,1,Dendrite Beginning,100000087,800000144,
Pt Distance from Origin,81.8014,um,Point,,Pt Distance from Origin,0,,,,1,Spine Terminal,100000087,800000145,
Pt Distance from Origin,81.8634,um,Point,,Pt Distance from Origin,,,,,1,Dendrite Beginning,100000088,800000146,
Pt Time,0,s,Point,,,0,,,,1,Dendrite Beginning,100000000,800000000,
Pt Time,0,s,Point,,,0,,,,1,Spine Attachment,100000000,800000001,
Pt Time,0,s,Point,,,0,,,,1,Dendrite Terminal,100000000,800000002,
Pt Time,0,s,Point,,,0,,,,1,Spine Terminal,100000000,800000003,
Pt Time,0,s,Point,,,0,,,,1,Spine Terminal,100000000,800000004,
Pt Time,0,s,Point,,,0,,,,1,Dendrite Beginning,100000001,800000005,
Pt Time,0,s,Point,,,0,,,,1,Spine Terminal,100000001,800000006,
Pt Time,0,s,Point,,,,,,,1,Dendrite Beginning,100000002,800000007,
Pt Time,0,s,Point,,,0,,,,1,Dendrite Beginning,100000003,800000008,
Pt Time,0,s,Point,,,0,,,,1,Spine Terminal,100000003,800000009,
Pt Time,0,s,Point,,,,,,,1,Dendrite Beginning,100000004,800000010,
Pt Time,0,s,Point,,,0,,,,1,Dendrite Beginning,100000005,800000011,
Pt Time,0,s,Point,,,0,,,,1,Spine Terminal,100000005,800000012,
Pt Time,0,s,Point,,,,,,,1,Dendrite Beginning,100000006,800000013,
Pt Time,0,s,Point,,,0,,,,1,Dendrite Beginning,100000007,800000014,
Pt Time,0,s,Point,,,0,,,,1,Spine Terminal,100000007,800000015,
Pt Time,0,s,Point,,,,,,,1,Dendrite Beginning,100000008,800000016,
Pt Time,0,s,Point,,,,,,,1,Dendrite Beginning,100000009,800000017,
Pt Time,0,s,Point,,,0,,,,1,Dendrite Beginning,100000010,800000018,
Pt Time,0,s,Point,,,0,,,,1,Spine Terminal,100000010,800000019,
Pt Time,0,s,Point,,,0,,,,1,Dendrite Beginning,100000011,800000020,
Pt Time,0,s,Point,,,0,,,,1,Spine Terminal,100000011,800000021,
Pt Time,0,s,Point,,,0,,,,1,Dendrite Beginning,100000012,800000022,
Pt Time,0,s,Point,,,0,,,,1,Spine Terminal,100000012,800000023,
Pt Time,0,s,Point,,,0,,,,1,Dendrite Beginning,100000013,800000024,
Pt Time,0,s,Point,,,0,,,,1,Spine Terminal,100000013,800000025,
Pt Time,0,s,Point,,,0,,,,1,Dendrite Beginning,100000014,800000026,
Pt Time,0,s,Point,,,0,,,,1,Spine Terminal,100000014,800000027,
Pt Time,0,s,Point,,,0,,,,1,Dendrite Beginning,100000015,800000028,
Pt Time,0,s,Point,,,0,,,,1,Spine Terminal,100000015,800000029,
Pt Time,0,s,Point,,,0,,,,1,Dendrite Beginning,100000016,800000030,
Pt Time,0,s,Point,,,0,,,,1,Spine Terminal,100000016,800000031,
Pt Time,0,s,Point,,,0,,,,1,Dendrite Beginning,100000017,800000032,
Pt Time,0,s,Point,,,0,,,,1,Spine Terminal,100000017,800000033,
Pt Time,0,s,Point,,,,,,,1,Dendrite Beginning,100000018,800000034,
Pt Time,0,s,Point,,,0,,,,1,Dendrite Beginning,100000019,800000035,
Pt Time,0,s,Point,,,0,,,,1,Spine Terminal,100000019,800000036,
Pt Time,0,s,Point,,,,,,,1,Dendrite Beginning,100000020,800000037,
Pt Time,0,s,Point,,,0,,,,1,Dendrite Beginning,100000021,800000038,
Pt Time,0,s,Point,,,0,,,,1,Spine Terminal,100000021,800000039,
Pt Time,0,s,Point,,,,,,,1,Dendrite Beginning,100000022,800000040,
Pt Time,0,s,Point,,,0,,,,1,Dendrite Beginning,100000023,800000041,
Pt Time,0,s,Point,,,0,,,,1,Spine Terminal,100000023,800000042,
Pt Time,0,s,Point,,,,,,,1,Dendrite Beginning,100000024,800000043,
Pt Time,0,s,Point,,,0,,,,1,Dendrite Beginning,100000025,800000044,
Pt Time,0,s,Point,,,0,,,,1,Spine Terminal,100000025,800000045,
Pt Time,0,s,Point,,,,,,,1,Dendrite Beginning,100000026,800000046,
Pt Time,0,s,Point,,,0,,,,1,Dendrite Beginning,100000027,800000047,
Pt Time,0,s,Point,,,0,,,,1,Spine Terminal,100000027,800000048,
Pt Time,0,s,Point,,,,,,,1,Dendrite Beginning,100000028,800000049,
Pt Time,0,s,Point,,,0,,,,1,Dendrite Beginning,100000029,800000050,
Pt Time,0,s,Point,,,0,,,,1,Spine Terminal,100000029,800000051,
Pt Time,0,s,Point,,,,,,,1,Dendrite Beginning,100000030,800000052,
Pt Time,0,s,Point,,,0,,,,1,Dendrite Beginning,100000031,800000053,
Pt Time,0,s,Point,,,0,,,,1,Spine Terminal,100000031,800000054,
Pt Time,0,s,Point,,,,,,,1,Dendrite Beginning,100000032,800000055,
Pt Time,0,s,Point,,,0,,,,1,Dendrite Beginning,100000033,800000056,
Pt Time,0,s,Point,,,0,,,,1,Spine Terminal,100000033,800000057,
Pt Time,0,s,Point,,,,,,,1,Dendrite Beginning,100000034,800000058,
Pt Time,0,s,Point,,,0,,,,1,Dendrite Beginning,100000035,800000059,
Pt Time,0,s,Point,,,0,,,,1,Spine Terminal,100000035,800000060,
Pt Time,0,s,Point,,,0,,,,1,Dendrite Beginning,100000036,800000061,
Pt Time,0,s,Point,,,0,,,,1,Spine Terminal,100000036,800000062,
Pt Time,0,s,Point,,,0,,,,1,Dendrite Beginning,100000037,800000063,
Pt Time,0,s,Point,,,0,,,,1,Spine Terminal,100000037,800000064,
Pt Time,0,s,Point,,,0,,,,1,Dendrite Beginning,100000038,800000065,
Pt Time,0,s,Point,,,0,,,,1,Spine Terminal,100000038,800000066,
Pt Time,0,s,Point,,,0,,,,1,Dendrite Beginning,100000039,800000067,
Pt Time,0,s,Point,,,0,,,,1,Spine Terminal,100000039,800000068,
Pt Time,0,s,Point,,,0,,,,1,Dendrite Beginning,100000040,800000069,
Pt Time,0,s,Point,,,0,,,,1,Spine Terminal,100000040,800000070,
Pt Time,0,s,Point,,,0,,,,1,Dendrite Beginning,100000041,800000071,
Pt Time,0,s,Point,,,0,,,,1,Spine Terminal,100000041,800000072,
Pt Time,0,s,Point,,,,,,,1,Dendrite Beginning,100000042,800000073,
Pt Time,0,s,Point,,,0,,,,1,Dendrite Beginning,100000043,800000074,
Pt Time,0,s,Point,,,0,,,,1,Spine Terminal,100000043,800000075,
Pt Time,0,s,Point,,,,,,,1,Dendrite Beginning,100000044,800000076,
Pt Time,0,s,Point,,,0,,,,1,Dendrite Beginning,100000045,800000077,
Pt Time,0,s,Point,,,0,,,,1,Spine Terminal,100000045,800000078,
Pt Time,0,s,Point,,,,,,,1,Dendrite Beginning,100000046,800000079,
Pt Time,0,s,Point,,,0,,,,1,Dendrite Beginning,100000047,800000080,
Pt Time,0,s,Point,,,0,,,,1,Spine Terminal,100000047,800000081,
Pt Time,0,s,Point,,,0,,,,1,Dendrite Beginning,100000048,800000082,
Pt Time,0,s,Point,,,0,,,,1,Spine Terminal,100000048,800000083,
Pt Time,0,s,Point,,,0,,,,1,Dendrite Beginning,100000049,800000084,
Pt Time,0,s,Point,,,0,,,,1,Spine Terminal,100000049,800000085,
Pt Time,0,s,Point,,,,,,,1,Dendrite Beginning,100000050,800000086,
Pt Time,0,s,Point,,,0,,,,1,Dendrite Beginning,100000051,800000087,
Pt Time,0,s,Point,,,0,,,,1,Spine Terminal,100000051,800000088,
Pt Time,0,s,Point,,,,,,,1,Dendrite Beginning,100000052,800000089,
Pt Time,0,s,Point,,,0,,,,1,Dendrite Beginning,100000053,800000090,
Pt Time,0,s,Point,,,0,,,,1,Spine Terminal,100000053,800000091,
Pt Time,0,s,Point,,,,,,,1,Dendrite Beginning,100000054,800000092,
Pt Time,0,s,Point,,,0,,,,1,Dendrite Beginning,100000055,800000093,
Pt Time,0,s,Point,,,0,,,,1,Spine Terminal,100000055,800000094,
Pt Time,0,s,Point,,,0,,,,1,Dendrite Beginning,100000056,800000095,
Pt Time,0,s,Point,,,0,,,,1,Spine Terminal,100000056,800000096,
Pt Time,0,s,Point,,,0,,,,1,Dendrite Beginning,100000057,800000097,
Pt Time,0,s,Point,,,0,,,,1,Spine Terminal,100000057,800000098,
Pt Time,0,s,Point,,,,,,,1,Dendrite Beginning,100000058,800000099,
Pt Time,0,s,Point,,,0,,,,1,Dendrite Beginning,100000059,800000100,
Pt Time,0,s,Point,,,0,,,,1,Spine Terminal,100000059,800000101,
Pt Time,0,s,Point,,,,,,,1,Dendrite Beginning,100000060,800000102,
Pt Time,0,s,Point,,,0,,,,1,Dendrite Beginning,100000061,800000103,
Pt Time,0,s,Point,,,0,,,,1,Spine Terminal,100000061,800000104,
Pt Time,0,s,Point,,,,,,,1,Dendrite Beginning,100000062,800000105,
Pt Time,0,s,Point,,,0,,,,1,Dendrite Beginning,100000063,800000106,
Pt Time,0,s,Point,,,0,,,,1,Spine Terminal,100000063,800000107,
Pt Time,0,s,Point,,,,,,,1,Dendrite Beginning,100000064,800000108,
Pt Time,0,s,Point,,,0,,,,1,Dendrite Beginning,100000065,800000109,
Pt Time,0,s,Point,,,0,,,,1,Spine Terminal,100000065,800000110,
Pt Time,0,s,Point,,,,,,,1,Dendrite Beginning,100000066,800000111,
Pt Time,0,s,Point,,,0,,,,1,Dendrite Beginning,100000067,800000112,
Pt Time,0,s,Point,,,0,,,,1,Spine Terminal,100000067,800000113,
Pt Time,0,s,Point,,,0,,,,1,Dendrite Beginning,100000068,800000114,
Pt Time,0,s,Point,,,0,,,,1,Spine Terminal,100000068,800000115,
Pt Time,0,s,Point,,,0,,,,1,Dendrite Beginning,100000069,800000116,
Pt Time,0,s,Point,,,0,,,,1,Spine Terminal,100000069,800000117,
Pt Time,0,s,Point,,,,,,,1,Dendrite Beginning,100000070,800000118,
Pt Time,0,s,Point,,,0,,,,1,Dendrite Beginning,100000071,800000119,
Pt Time,0,s,Point,,,0,,,,1,Spine Terminal,100000071,800000120,
Pt Time,0,s,Point,,,,,,,1,Dendrite Beginning,100000072,800000121,
Pt Time,0,s,Point,,,0,,,,1,Dendrite Beginning,100000073,800000122,
Pt Time,0,s,Point,,,0,,,,1,Spine Terminal,100000073,800000123,
Pt Time,0,s,Point,,,,,,,1,Dendrite Beginning,100000074,800000124,
Pt Time,0,s,Point,,,0,,,,1,Dendrite Beginning,100000075,800000125,
Pt Time,0,s,Point,,,0,,,,1,Spine Terminal,100000075,800000126,
Pt Time,0,s,Point,,,,,,,1,Dendrite Beginning,100000076,800000127,
Pt Time,0,s,Point,,,0,,,,1,Dendrite Beginning,100000077,800000128,
Pt Time,0,s,Point,,,0,,,,1,Spine Terminal,100000077,800000129,
Pt Time,0,s,Point,,,,,,,1,Dendrite Beginning,100000078,800000130,
Pt Time,0,s,Point,,,0,,,,1,Dendrite Beginning,100000079,800000131,
Pt Time,0,s,Point,,,0,,,,1,Spine Terminal,100000079,800000132,
Pt Time,0,s,Point,,,,,,,1,Dendrite Beginning,100000080,800000133,
Pt Time,0,s,Point,,,0,,,,1,Dendrite Beginning,100000081,800000134,
Pt Time,0,s,Point,,,0,,,,1,Spine Terminal,100000081,800000135,
Pt Time,0,s,Point,,,,,,,1,Dendrite Beginning,100000082,800000136,
Pt Time,0,s,Point,,,0,,,,1,Dendrite Beginning,100000083,800000137,
Pt Time,0,s,Point,,,0,,,,1,Spine Terminal,100000083,800000138,
Pt Time,0,s,Point,,,0,,,,1,Dendrite Beginning,100000084,800000139,
Pt Time,0,s,Point,,,0,,,,1,Spine Terminal,100000084,800000140,
Pt Time,0,s,Point,,,0,,,,1,Dendrite Beginning,100000085,800000141,
Pt Time,0,s,Point,,,0,,,,1,Spine Terminal,100000085,800000142,
Pt Time,0,s,Point,,,,,,,1,Dendrite Beginning,100000086,800000143,
Pt Time,0,s,Point,,,0,,,,1,Dendrite Beginning,100000087,800000144,
Pt Time,0,s,Point,,,0,,,,1,Spine Terminal,100000087,800000145,
Pt Time,0,s,Point,,,,,,,1,Dendrite Beginning,100000088,800000146,
Spine Area,2.23163,um^2,Spine,,,0,,1,,1,,100000000,700000000,
Spine Area,8.22502,um^2,Spine,,,0,,1,,1,,100000000,700000001,
Spine Area,1.40219,um^2,Spine,,,0,,,,1,,100000001,10700000000,
Spine Area,0.764211,um^2,Spine,,,0,,,,1,,100000003,30700000000,
Spine Area,0.784014,um^2,Spine,,,0,,,,1,,100000005,50700000000,
Spine Area,1.92476,um^2,Spine,,,0,,,,1,,100000007,70700000000,
Spine Area,2.28976,um^2,Spine,,,0,,,,1,,100000010,100700000000,
Spine Area,0.91403,um^2,Spine,,,0,,,,1,,100000011,110700000000,
Spine Area,2.70421,um^2,Spine,,,0,,,,1,,100000012,120700000000,
Spine Area,2.27186,um^2,Spine,,,0,,,,1,,100000013,130700000000,
Spine Area,2.24095,um^2,Spine,,,0,,,,1,,100000014,140700000000,
Spine Area,4.87665,um^2,Spine,,,0,,,,1,,100000015,150700000000,
Spine Area,2.32845,um^2,Spine,,,0,,,,1,,100000016,160700000000,
Spine Area,4.88749,um^2,Spine,,,0,,,,1,,100000017,170700000000,
Spine Area,4.38039,um^2,Spine,,,0,,,,1,,100000019,190700000000,
Spine Area,0.896859,um^2,Spine,,,0,,,,1,,100000021,210700000000,
Spine Area,0.816106,um^2,Spine,,,0,,,,1,,100000023,230700000000,
Spine Area,1.63782,um^2,Spine,,,0,,,,1,,100000025,250700000000,
Spine Area,0.858925,um^2,Spine,,,0,,,,1,,100000027,270700000000,
Spine Area,1.62607,um^2,Spine,,,0,,,,1,,100000029,290700000000,
Spine Area,2.27179,um^2,Spine,,,0,,,,1,,100000031,310700000000,
Spine Area,3.32247,um^2,Spine,,,0,,,,1,,100000033,330700000000,
Spine Area,2.30996,um^2,Spine,,,0,,,,1,,100000035,350700000000,
Spine Area,0.850762,um^2,Spine,,,0,,,,1,,100000036,360700000000,
Spine Area,2.51563,um^2,Spine,,,0,,,,1,,100000037,370700000000,
Spine Area,0.828032,um^2,Spine,,,0,,,,1,,100000038,380700000000,
Spine Area,2.55384,um^2,Spine,,,0,,,,1,,100000039,390700000000,
Spine Area,1.73087,um^2,Spine,,,0,,,,1,,100000040,400700000000,
Spine Area,0.814695,um^2,Spine,,,0,,,,1,,100000041,410700000000,
Spine Area,0.872192,um^2,Spine,,,0,,,,1,,100000043,430700000000,
Spine Area,0.786001,um^2,Spine,,,0,,,,1,,100000045,450700000000,
Spine Area,2.48532,um^2,Spine,,,0,,,,1,,100000047,470700000000,
Spine Area,0.800367,um^2,Spine,,,0,,,,1,,100000048,480700000000,
Spine Area,1.16254,um^2,Spine,,,0,,,,1,,100000049,490700000000,
Spine Area,0.874519,um^2,Spine,,,0,,,,1,,100000051,510700000000,
Spine Area,0.823862,um^2,Spine,,,0,,,,1,,100000053,530700000000,
Spine Area,4.37016,um^2,Spine,,,0,,,,1,,100000055,550700000000,
Spine Area,0.81956,um^2,Spine,,,0,,,,1,,100000056,560700000000,
Spine Area,1.64176,um^2,Spine,,,0,,,,1,,100000057,570700000000,
Spine Area,1.79061,um^2,Spine,,,0,,,,1,,100000059,590700000000,
Spine Area,1.6379,um^2,Spine,,,0,,,,1,,100000061,610700000000,
Spine Area,1.66273,um^2,Spine,,,0,,,,1,,100000063,630700000000,
Spine Area,1.64353,um^2,Spine,,,0,,,,1,,100000065,650700000000,
Spine Area,1.54207,um^2,Spine,,,0,,,,1,,100000067,670700000000,
Spine Area,0.839051,um^2,Spine,,,0,,,,1,,100000068,680700000000,
Spine Area,1.47149,um^2,Spine,,,0,,,,1,,100000069,690700000000,
Spine Area,1.69196,um^2,Spine,,,0,,,,1,,100000071,710700000000,
Spine Area,0.795385,um^2,Spine,,,0,,,,1,,100000073,730700000000,
Spine Area,0.810785,um^2,Spine,,,0,,,,1,,100000075,750700000000,
Spine Area,0.903924,um^2,Spine,,,0,,,,1,,100000077,770700000000,
Spine Area,2.44317,um^2,Spine,,,0,,,,1,,100000079,790700000000,
Spine Area,0.829736,um^2,Spine,,,0,,,,1,,100000081,810700000000,
Spine Area,1.72795,um^2,Spine,,,0,,,,1,,100000083,830700000000,
Spine Area,0.912868,um^2,Spine,,,0,,,,1,,100000084,840700000000,
Spine Area,0.931929,um^2,Spine,,,0,,,,1,,100000085,850700000000,
Spine Area,0.880461,um^2,Spine,,,0,,,,1,,100000087,870700000000,
Spine Attachment Pt Diameter,0.703943,um,Spine,,,0,,1,,1,,100000000,700000000,
Spine Attachment Pt Diameter,0.703943,um,Spine,,,0,,1,,1,,100000000,700000001,
Spine Attachment Pt Diameter,0.224298,um,Spine,,,0,,,,1,,100000001,10700000000,
Spine Attachment Pt Diameter,0.224298,um,Spine,,,0,,,,1,,100000003,30700000000,
Spine Attachment Pt Diameter,0.224298,um,Spine,,,0,,,,1,,100000005,50700000000,
Spine Attachment Pt Diameter,0.224298,um,Spine,,,0,,,,1,,100000007,70700000000,
Spine Attachment Pt Diameter,0.246728,um,Spine,,,0,,,,1,,100000010,100700000000,
Spine Attachment Pt Diameter,0.246728,um,Spine,,,0,,,,1,,100000011,110700000000,
Spine Attachment Pt Diameter,0.703943,um,Spine,,,0,,,,1,,100000012,120700000000,
Spine Attachment Pt Diameter,0.703943,um,Spine,,,0,,,,1,,100000013,130700000000,
Spine Attachment Pt Diameter,0.703943,um,Spine,,,0,,,,1,,100000014,140700000000,
Spine Attachment Pt Diameter,0.703943,um,Spine,,,0,,,,1,,100000015,150700000000,
Spine Attachment Pt Diameter,0.703943,um,Spine,,,0,,,,1,,100000016,160700000000,
Spine Attachment Pt Diameter,0.703943,um,Spine,,,0,,,,1,,100000017,170700000000,
Spine Attachment Pt Diameter,0.703943,um,Spine,,,0,,,,1,,100000019,190700000000,
Spine Attachment Pt Diameter,0.246728,um,Spine,,,0,,,,1,,100000021,210700000000,
Spine Attachment Pt Diameter,0.246728,um,Spine,,,0,,,,1,,100000023,230700000000,
Spine Attachment Pt Diameter,0.246728,um,Spine,,,0,,,,1,,100000025,250700000000,
Spine Attachment Pt Diameter,0.246728,um,Spine,,,0,,,,1,,100000027,270700000000,
Spine Attachment Pt Diameter,0.246728,um,Spine,,,0,,,,1,,100000029,290700000000,
Spine Attachment Pt Diameter,0.246728,um,Spine,,,0,,,,1,,100000031,310700000000,
Spine Attachment Pt Diameter,0.246728,um,Spine,,,0,,,,1,,100000033,330700000000,
Spine Attachment Pt Diameter,0.246728,um,Spine,,,0,,,,1,,100000035,350700000000,
Spine Attachment Pt Diameter,0.246728,um,Spine,,,0,,,,1,,100000036,360700000000,
Spine Attachment Pt Diameter,0.246728,um,Spine,,,0,,,,1,,100000037,370700000000,
Spine Attachment Pt Diameter,0.246728,um,Spine,,,0,,,,1,,100000038,380700000000,
Spine Attachment Pt Diameter,0.246728,um,Spine,,,0,,,,1,,100000039,390700000000,
Spine Attachment Pt Diameter,0.246728,um,Spine,,,0,,,,1,,100000040,400700000000,
Spine Attachment Pt Diameter,0.246728,um,Spine,,,0,,,,1,,100000041,410700000000,
Spine Attachment Pt Diameter,0.246728,um,Spine,,,0,,,,1,,100000043,430700000000,
Spine Attachment Pt Diameter,0.246728,um,Spine,,,0,,,,1,,100000045,450700000000,
Spine Attachment Pt Diameter,0.246728,um,Spine,,,0,,,,1,,100000047,470700000000,
Spine Attachment Pt Diameter,0.246728,um,Spine,,,0,,,,1,,100000048,480700000000,
Spine Attachment Pt Diameter,0.246728,um,Spine,,,0,,,,1,,100000049,490700000000,
Spine Attachment Pt Diameter,0.246728,um,Spine,,,0,,,,1,,100000051,510700000000,
Spine Attachment Pt Diameter,0.246728,um,Spine,,,0,,,,1,,100000053,530700000000,
Spine Attachment Pt Diameter,0.246728,um,Spine,,,0,,,,1,,100000055,550700000000,
Spine Attachment Pt Diameter,0.246728,um,Spine,,,0,,,,1,,100000056,560700000000,
Spine Attachment Pt Diameter,0.246728,um,Spine,,,0,,,,1,,100000057,570700000000,
Spine Attachment Pt Diameter,0.246728,um,Spine,,,0,,,,1,,100000059,590700000000,
Spine Attachment Pt Diameter,0.246728,um,Spine,,,0,,,,1,,100000061,610700000000,
Spine Attachment Pt Diameter,0.246728,um,Spine,,,0,,,,1,,100000063,630700000000,
Spine Attachment Pt Diameter,0.246728,um,Spine,,,0,,,,1,,100000065,650700000000,
Spine Attachment Pt Diameter,0.246728,um,Spine,,,0,,,,1,,100000067,670700000000,
Spine Attachment Pt Diameter,0.246728,um,Spine,,,0,,,,1,,100000068,680700000000,
Spine Attachment Pt Diameter,0.246728,um,Spine,,,0,,,,1,,100000069,690700000000,
Spine Attachment Pt Diameter,0.246728,um,Spine,,,0,,,,1,,100000071,710700000000,
Spine Attachment Pt Diameter,0.246728,um,Spine,,,0,,,,1,,100000073,730700000000,
Spine Attachment Pt Diameter,0.246728,um,Spine,,,0,,,,1,,100000075,750700000000,
Spine Attachment Pt Diameter,0.246728,um,Spine,,,0,,,,1,,100000077,770700000000,
Spine Attachment Pt Diameter,0.246728,um,Spine,,,0,,,,1,,100000079,790700000000,
Spine Attachment Pt Diameter,0.246728,um,Spine,,,0,,,,1,,100000081,810700000000,
Spine Attachment Pt Diameter,0.246728,um,Spine,,,0,,,,1,,100000083,830700000000,
Spine Attachment Pt Diameter,0.246728,um,Spine,,,0,,,,1,,100000084,840700000000,
Spine Attachment Pt Diameter,0.246728,um,Spine,,,0,,,,1,,100000085,850700000000,
Spine Attachment Pt Diameter,0.246728,um,Spine,,,0,,,,1,,100000087,870700000000,
Spine Attachment Pt Distance,12.3732,um,Spine,,,0,,1,,1,,100000000,700000000,
Spine Attachment Pt Distance,12.3732,um,Spine,,,0,,1,,1,,100000000,700000001,
Spine Attachment Pt Distance,0,um,Spine,,,0,,,,1,,100000001,10700000000,
Spine Attachment Pt Distance,0,um,Spine,,,0,,,,1,,100000003,30700000000,
Spine Attachment Pt Distance,0,um,Spine,,,0,,,,1,,100000005,50700000000,
Spine Attachment Pt Distance,0,um,Spine,,,0,,,,1,,100000007,70700000000,
Spine Attachment Pt Distance,0,um,Spine,,,0,,,,1,,100000010,100700000000,
Spine Attachment Pt Distance,0,um,Spine,,,0,,,,1,,100000011,110700000000,
Spine Attachment Pt Distance,0,um,Spine,,,0,,,,1,,100000012,120700000000,
Spine Attachment Pt Distance,0,um,Spine,,,0,,,,1,,100000013,130700000000,
Spine Attachment Pt Distance,0,um,Spine,,,0,,,,1,,100000014,140700000000,
Spine Attachment Pt Distance,0,um,Spine,,,0,,,,1,,100000015,150700000000,
Spine Attachment Pt Distance,0,um,Spine,,,0,,,,1,,100000016,160700000000,
Spine Attachment Pt Distance,0,um,Spine,,,0,,,,1,,100000017,170700000000,
Spine Attachment Pt Distance,0,um,Spine,,,0,,,,1,,100000019,190700000000,
Spine Attachment Pt Distance,0,um,Spine,,,0,,,,1,,100000021,210700000000,
Spine Attachment Pt Distance,0,um,Spine,,,0,,,,1,,100000023,230700000000,
Spine Attachment Pt Distance,0,um,Spine,,,0,,,,1,,100000025,250700000000,
Spine Attachment Pt Distance,0,um,Spine,,,0,,,,1,,100000027,270700000000,
Spine Attachment Pt Distance,0,um,Spine,,,0,,,,1,,100000029,290700000000,
Spine Attachment Pt Distance,0,um,Spine,,,0,,,,1,,100000031,310700000000,
Spine Attachment Pt Distance,0,um,Spine,,,0,,,,1,,100000033,330700000000,
Spine Attachment Pt Distance,0,um,Spine,,,0,,,,1,,100000035,350700000000,
Spine Attachment Pt Distance,0,um,Spine,,,0,,,,1,,100000036,360700000000,
Spine Attachment Pt Distance,0,um,Spine,,,0,,,,1,,100000037,370700000000,
Spine Attachment Pt Distance,0,um,Spine,,,0,,,,1,,100000038,380700000000,
Spine Attachment Pt Distance,0,um,Spine,,,0,,,,1,,100000039,390700000000,
Spine Attachment Pt Distance,0,um,Spine,,,0,,,,1,,100000040,400700000000,
Spine Attachment Pt Distance,0,um,Spine,,,0,,,,1,,100000041,410700000000,
Spine Attachment Pt Distance,0,um,Spine,,,0,,,,1,,100000043,430700000000,
Spine Attachment Pt Distance,0,um,Spine,,,0,,,,1,,100000045,450700000000,
Spine Attachment Pt Distance,0,um,Spine,,,0,,,,1,,100000047,470700000000,
Spine Attachment Pt Distance,0,um,Spine,,,0,,,,1,,100000048,480700000000,
Spine Attachment Pt Distance,0,um,Spine,,,0,,,,1,,100000049,490700000000,
Spine Attachment Pt Distance,0,um,Spine,,,0,,,,1,,100000051,510700000000,
Spine Attachment Pt Distance,0,um,Spine,,,0,,,,1,,100000053,530700000000,
Spine Attachment Pt Distance,0,um,Spine,,,0,,,,1,,100000055,550700000000,
Spine Attachment Pt Distance,0,um,Spine,,,0,,,,1,,100000056,560700000000,
Spine Attachment Pt Distance,0,um,Spine,,,0,,,,1,,100000057,570700000000,
Spine Attachment Pt Distance,0,um,Spine,,,0,,,,1,,100000059,590700000000,
Spine Attachment Pt Distance,0,um,Spine,,,0,,,,1,,100000061,610700000000,
Spine Attachment Pt Distance,0,um,Spine,,,0,,,,1,,100000063,630700000000,
Spine Attachment Pt Distance,0,um,Spine,,,0,,,,1,,100000065,650700000000,
Spine Attachment Pt Distance,0,um,Spine,,,0,,,,1,,100000067,670700000000,
Spine Attachment Pt Distance,0,um,Spine,,,0,,,,1,,100000068,680700000000,
Spine Attachment Pt Distance,0,um,Spine,,,0,,,,1,,100000069,690700000000,
Spine Attachment Pt Distance,0,um,Spine,,,0,,,,1,,100000071,710700000000,
Spine Attachment Pt Distance,0,um,Spine,,,0,,,,1,,100000073,730700000000,
Spine Attachment Pt Distance,0,um,Spine,,,0,,,,1,,100000075,750700000000,
Spine Attachment Pt Distance,0,um,Spine,,,0,,,,1,,100000077,770700000000,
Spine Attachment Pt Distance,0,um,Spine,,,0,,,,1,,100000079,790700000000,
Spine Attachment Pt Distance,0,um,Spine,,,0,,,,1,,100000081,810700000000,
Spine Attachment Pt Distance,0,um,Spine,,,0,,,,1,,100000083,830700000000,
Spine Attachment Pt Distance,0,um,Spine,,,0,,,,1,,100000084,840700000000,
Spine Attachment Pt Distance,0,um,Spine,,,0,,,,1,,100000085,850700000000,
Spine Attachment Pt Distance,0,um,Spine,,,0,,,,1,,100000087,870700000000,
Spine Attachment Pt Distance from Origin,25.3246,um,Spine,,Spine Attachment Pt Distance from Origin,0,,1,,1,,100000000,700000001,
Spine Attachment Pt Position X,9.4444,um,Spine,,Spine Attachment Pt Position,0,,1,,1,,100000000,700000001,
Spine Attachment Pt Position Y,23.4923,um,Spine,,Spine Attachment Pt Position,0,,1,,1,,100000000,700000001,
Spine Attachment Pt Position Z,0.500001,um,Spine,,Spine Attachment Pt Position,0,,1,,1,,100000000,700000001,
Spine Attachment Pt Time,0,s,Spine,,,0,,1,,1,,100000000,700000001,
Spine Attachment Pt Time Index,1,,Spine,,,0,,1,,1,,100000000,700000001,
Spine Branch Depth,0,,Spine,,,0,,1,,1,,100000000,700000000,
Spine Branch Depth,0,,Spine,,,0,,1,,1,,100000000,700000001,
Spine Branch Depth,0,,Spine,,,0,,,,1,,100000001,10700000000,
Spine Branch Depth,0,,Spine,,,0,,,,1,,100000003,30700000000,
Spine Branch Depth,0,,Spine,,,0,,,,1,,100000005,50700000000,
Spine Branch Depth,0,,Spine,,,0,,,,1,,100000007,70700000000,
Spine Branch Depth,0,,Spine,,,0,,,,1,,100000010,100700000000,
Spine Branch Depth,0,,Spine,,,0,,,,1,,100000011,110700000000,
Spine Branch Depth,0,,Spine,,,0,,,,1,,100000012,120700000000,
Spine Branch Depth,0,,Spine,,,0,,,,1,,100000013,130700000000,
Spine Branch Depth,0,,Spine,,,0,,,,1,,100000014,140700000000,
Spine Branch Depth,0,,Spine,,,0,,,,1,,100000015,150700000000,
Spine Branch Depth,0,,Spine,,,0,,,,1,,100000016,160700000000,
Spine Branch Depth,0,,Spine,,,0,,,,1,,100000017,170700000000,
Spine Branch Depth,0,,Spine,,,0,,,,1,,100000019,190700000000,
Spine Branch Depth,0,,Spine,,,0,,,,1,,100000021,210700000000,
Spine Branch Depth,0,,Spine,,,0,,,,1,,100000023,230700000000,
Spine Branch Depth,0,,Spine,,,0,,,,1,,100000025,250700000000,
Spine Branch Depth,0,,Spine,,,0,,,,1,,100000027,270700000000,
Spine Branch Depth,0,,Spine,,,0,,,,1,,100000029,290700000000,
Spine Branch Depth,0,,Spine,,,0,,,,1,,100000031,310700000000,
Spine Branch Depth,0,,Spine,,,0,,,,1,,100000033,330700000000,
Spine Branch Depth,0,,Spine,,,0,,,,1,,100000035,350700000000,
Spine Branch Depth,0,,Spine,,,0,,,,1,,100000036,360700000000,
Spine Branch Depth,0,,Spine,,,0,,,,1,,100000037,370700000000,
Spine Branch Depth,0,,Spine,,,0,,,,1,,100000038,380700000000,
Spine Branch Depth,0,,Spine,,,0,,,,1,,100000039,390700000000,
Spine Branch Depth,0,,Spine,,,0,,,,1,,100000040,400700000000,
Spine Branch Depth,0,,Spine,,,0,,,,1,,100000041,410700000000,
Spine Branch Depth,0,,Spine,,,0,,,,1,,100000043,430700000000,
Spine Branch Depth,0,,Spine,,,0,,,,1,,100000045,450700000000,
Spine Branch Depth,0,,Spine,,,0,,,,1,,100000047,470700000000,
Spine Branch Depth,0,,Spine,,,0,,,,1,,100000048,480700000000,
Spine Branch Depth,0,,Spine,,,0,,,,1,,100000049,490700000000,
Spine Branch Depth,0,,Spine,,,0,,,,1,,100000051,510700000000,
Spine Branch Depth,0,,Spine,,,0,,,,1,,100000053,530700000000,
Spine Branch Depth,0,,Spine,,,0,,,,1,,100000055,550700000000,
Spine Branch Depth,0,,Spine,,,0,,,,1,,100000056,560700000000,
Spine Branch Depth,0,,Spine,,,0,,,,1,,100000057,570700000000,
Spine Branch Depth,0,,Spine,,,0,,,,1,,100000059,590700000000,
Spine Branch Depth,0,,Spine,,,0,,,,1,,100000061,610700000000,
Spine Branch Depth,0,,Spine,,,0,,,,1,,100000063,630700000000,
Spine Branch Depth,0,,Spine,,,0,,,,1,,100000065,650700000000,
Spine Branch Depth,0,,Spine,,,0,,,,1,,100000067,670700000000,
Spine Branch Depth,0,,Spine,,,0,,,,1,,100000068,680700000000,
Spine Branch Depth,0,,Spine,,,0,,,,1,,100000069,690700000000,
Spine Branch Depth,0,,Spine,,,0,,,,1,,100000071,710700000000,
Spine Branch Depth,0,,Spine,,,0,,,,1,,100000073,730700000000,
Spine Branch Depth,0,,Spine,,,0,,,,1,,100000075,750700000000,
Spine Branch Depth,0,,Spine,,,0,,,,1,,100000077,770700000000,
Spine Branch Depth,0,,Spine,,,0,,,,1,,100000079,790700000000,
Spine Branch Depth,0,,Spine,,,0,,,,1,,100000081,810700000000,
Spine Branch Depth,0,,Spine,,,0,,,,1,,100000083,830700000000,
Spine Branch Depth,0,,Spine,,,0,,,,1,,100000084,840700000000,
Spine Branch Depth,0,,Spine,,,0,,,,1,,100000085,850700000000,
Spine Branch Depth,0,,Spine,,,0,,,,1,,100000087,870700000000,
Spine Branch Level,1,,Spine,,,0,,1,,1,,100000000,700000000,
Spine Branch Level,1,,Spine,,,0,,1,,1,,100000000,700000001,
Spine Branch Level,0,,Spine,,,0,,,,1,,100000001,10700000000,
Spine Branch Level,0,,Spine,,,0,,,,1,,100000003,30700000000,
Spine Branch Level,0,,Spine,,,0,,,,1,,100000005,50700000000,
Spine Branch Level,0,,Spine,,,0,,,,1,,100000007,70700000000,
Spine Branch Level,0,,Spine,,,0,,,,1,,100000010,100700000000,
Spine Branch Level,0,,Spine,,,0,,,,1,,100000011,110700000000,
Spine Branch Level,0,,Spine,,,0,,,,1,,100000012,120700000000,
Spine Branch Level,0,,Spine,,,0,,,,1,,100000013,130700000000,
Spine Branch Level,0,,Spine,,,0,,,,1,,100000014,140700000000,
Spine Branch Level,0,,Spine,,,0,,,,1,,100000015,150700000000,
Spine Branch Level,0,,Spine,,,0,,,,1,,100000016,160700000000,
Spine Branch Level,0,,Spine,,,0,,,,1,,100000017,170700000000,
Spine Branch Level,0,,Spine,,,0,,,,1,,100000019,190700000000,
Spine Branch Level,0,,Spine,,,0,,,,1,,100000021,210700000000,
Spine Branch Level,0,,Spine,,,0,,,,1,,100000023,230700000000,
Spine Branch Level,0,,Spine,,,0,,,,1,,100000025,250700000000,
Spine Branch Level,0,,Spine,,,0,,,,1,,100000027,270700000000,
Spine Branch Level,0,,Spine,,,0,,,,1,,100000029,290700000000,
Spine Branch Level,0,,Spine,,,0,,,,1,,100000031,310700000000,
Spine Branch Level,0,,Spine,,,0,,,,1,,100000033,330700000000,
Spine Branch Level,0,,Spine,,,0,,,,1,,100000035,350700000000,
Spine Branch Level,0,,Spine,,,0,,,,1,,100000036,360700000000,
Spine Branch Level,0,,Spine,,,0,,,,1,,100000037,370700000000,
Spine Branch Level,0,,Spine,,,0,,,,1,,100000038,380700000000,
Spine Branch Level,0,,Spine,,,0,,,,1,,100000039,390700000000,
Spine Branch Level,0,,Spine,,,0,,,,1,,100000040,400700000000,
Spine Branch Level,0,,Spine,,,0,,,,1,,100000041,410700000000,
Spine Branch Level,0,,Spine,,,0,,,,1,,100000043,430700000000,
Spine Branch Level,0,,Spine,,,0,,,,1,,100000045,450700000000,
Spine Branch Level,0,,Spine,,,0,,,,1,,100000047,470700000000,
Spine Branch Level,0,,Spine,,,0,,,,1,,100000048,480700000000,
Spine Branch Level,0,,Spine,,,0,,,,1,,100000049,490700000000,
Spine Branch Level,0,,Spine,,,0,,,,1,,100000051,510700000000,
Spine Branch Level,0,,Spine,,,0,,,,1,,100000053,530700000000,
Spine Branch Level,0,,Spine,,,0,,,,1,,100000055,550700000000,
Spine Branch Level,0,,Spine,,,0,,,,1,,100000056,560700000000,
Spine Branch Level,0,,Spine,,,0,,,,1,,100000057,570700000000,
Spine Branch Level,0,,Spine,,,0,,,,1,,100000059,590700000000,
Spine Branch Level,0,,Spine,,,0,,,,1,,100000061,610700000000,
Spine Branch Level,0,,Spine,,,0,,,,1,,100000063,630700000000,
Spine Branch Level,0,,Spine,,,0,,,,1,,100000065,650700000000,
Spine Branch Level,0,,Spine,,,0,,,,1,,100000067,670700000000,
Spine Branch Level,0,,Spine,,,0,,,,1,,100000068,680700000000,
Spine Branch Level,0,,Spine,,,0,,,,1,,100000069,690700000000,
Spine Branch Level,0,,Spine,,,0,,,,1,,100000071,710700000000,
Spine Branch Level,0,,Spine,,,0,,,,1,,100000073,730700000000,
Spine Branch Level,0,,Spine,,,0,,,,1,,100000075,750700000000,
Spine Branch Level,0,,Spine,,,0,,,,1,,100000077,770700000000,
Spine Branch Level,0,,Spine,,,0,,,,1,,100000079,790700000000,
Spine Branch Level,0,,Spine,,,0,,,,1,,100000081,810700000000,
Spine Branch Level,0,,Spine,,,0,,,,1,,100000083,830700000000,
Spine Branch Level,0,,Spine,,,0,,,,1,,100000084,840700000000,
Spine Branch Level,0,,Spine,,,0,,,,1,,100000085,850700000000,
Spine Branch Level,0,,Spine,,,0,,,,1,,100000087,870700000000,
Spine Branchings,0,,Spine,,,0,,1,,1,,100000000,700000000,
Spine Branchings,0,,Spine,,,0,,1,,1,,100000000,700000001,
Spine Branchings,0,,Spine,,,0,,,,1,,100000001,10700000000,
Spine Branchings,0,,Spine,,,0,,,,1,,100000003,30700000000,
Spine Branchings,0,,Spine,,,0,,,,1,,100000005,50700000000,
Spine Branchings,0,,Spine,,,0,,,,1,,100000007,70700000000,
Spine Branchings,0,,Spine,,,0,,,,1,,100000010,100700000000,
Spine Branchings,0,,Spine,,,0,,,,1,,100000011,110700000000,
Spine Branchings,0,,Spine,,,0,,,,1,,100000012,120700000000,
Spine Branchings,0,,Spine,,,0,,,,1,,100000013,130700000000,
Spine Branchings,0,,Spine,,,0,,,,1,,100000014,140700000000,
Spine Branchings,0,,Spine,,,0,,,,1,,100000015,150700000000,
Spine Branchings,0,,Spine,,,0,,,,1,,100000016,160700000000,
Spine Branchings,0,,Spine,,,0,,,,1,,100000017,170700000000,
Spine Branchings,0,,Spine,,,0,,,,1,,100000019,190700000000,
Spine Branchings,0,,Spine,,,0,,,,1,,100000021,210700000000,
Spine Branchings,0,,Spine,,,0,,,,1,,100000023,230700000000,
Spine Branchings,0,,Spine,,,0,,,,1,,100000025,250700000000,
Spine Branchings,0,,Spine,,,0,,,,1,,100000027,270700000000,
Spine Branchings,0,,Spine,,,0,,,,1,,100000029,290700000000,
Spine Branchings,0,,Spine,,,0,,,,1,,100000031,310700000000,
Spine Branchings,0,,Spine,,,0,,,,1,,100000033,330700000000,
Spine Branchings,0,,Spine,,,0,,,,1,,100000035,350700000000,
Spine Branchings,0,,Spine,,,0,,,,1,,100000036,360700000000,
Spine Branchings,0,,Spine,,,0,,,,1,,100000037,370700000000,
Spine Branchings,0,,Spine,,,0,,,,1,,100000038,380700000000,
Spine Branchings,0,,Spine,,,0,,,,1,,100000039,390700000000,
Spine Branchings,0,,Spine,,,0,,,,1,,100000040,400700000000,
Spine Branchings,0,,Spine,,,0,,,,1,,100000041,410700000000,
Spine Branchings,0,,Spine,,,0,,,,1,,100000043,430700000000,
Spine Branchings,0,,Spine,,,0,,,,1,,100000045,450700000000,
Spine Branchings,0,,Spine,,,0,,,,1,,100000047,470700000000,
Spine Branchings,0,,Spine,,,0,,,,1,,100000048,480700000000,
Spine Branchings,0,,Spine,,,0,,,,1,,100000049,490700000000,
Spine Branchings,0,,Spine,,,0,,,,1,,100000051,510700000000,
Spine Branchings,0,,Spine,,,0,,,,1,,100000053,530700000000,
Spine Branchings,0,,Spine,,,0,,,,1,,100000055,550700000000,
Spine Branchings,0,,Spine,,,0,,,,1,,100000056,560700000000,
Spine Branchings,0,,Spine,,,0,,,,1,,100000057,570700000000,
Spine Branchings,0,,Spine,,,0,,,,1,,100000059,590700000000,
Spine Branchings,0,,Spine,,,0,,,,1,,100000061,610700000000,
Spine Branchings,0,,Spine,,,0,,,,1,,100000063,630700000000,
Spine Branchings,0,,Spine,,,0,,,,1,,100000065,650700000000,
Spine Branchings,0,,Spine,,,0,,,,1,,100000067,670700000000,
Spine Branchings,0,,Spine,,,0,,,,1,,100000068,680700000000,
Spine Branchings,0,,Spine,,,0,,,,1,,100000069,690700000000,
Spine Branchings,0,,Spine,,,0,,,,1,,100000071,710700000000,
Spine Branchings,0,,Spine,,,0,,,,1,,100000073,730700000000,
Spine Branchings,0,,Spine,,,0,,,,1,,100000075,750700000000,
Spine Branchings,0,,Spine,,,0,,,,1,,100000077,770700000000,
Spine Branchings,0,,Spine,,,0,,,,1,,100000079,790700000000,
Spine Branchings,0,,Spine,,,0,,,,1,,100000081,810700000000,
Spine Branchings,0,,Spine,,,0,,,,1,,100000083,830700000000,
Spine Branchings,0,,Spine,,,0,,,,1,,100000084,840700000000,
Spine Branchings,0,,Spine,,,0,,,,1,,100000085,850700000000,
Spine Branchings,0,,Spine,,,0,,,,1,,100000087,870700000000,
Spine Length,1.07985,um,Spine,,,0,,1,,1,,100000000,700000000,
Spine Length,3.7192,um,Spine,,,0,,1,,1,,100000000,700000001,
Spine Length,1.9899,um,Spine,,,0,,,,1,,100000001,10700000000,
Spine Length,1.08452,um,Spine,,,0,,,,1,,100000003,30700000000,
Spine Length,1.11263,um,Spine,,,0,,,,1,,100000005,50700000000,
Spine Length,2.7315,um,Spine,,,0,,,,1,,100000007,70700000000,
Spine Length,2.95408,um,Spine,,,0,,,,1,,100000010,100700000000,
Spine Length,1.17921,um,Spine,,,0,,,,1,,100000011,110700000000,
Spine Length,1.22279,um,Spine,,,0,,,,1,,100000012,120700000000,
Spine Length,1.02729,um,Spine,,,0,,,,1,,100000013,130700000000,
Spine Length,1.01332,um,Spine,,,0,,,,1,,100000014,140700000000,
Spine Length,2.20513,um,Spine,,,0,,,,1,,100000015,150700000000,
Spine Length,1.05288,um,Spine,,,0,,,,1,,100000016,160700000000,
Spine Length,2.21003,um,Spine,,,0,,,,1,,100000017,170700000000,
Spine Length,1.98073,um,Spine,,,0,,,,1,,100000019,190700000000,
Spine Length,1.15706,um,Spine,,,0,,,,1,,100000021,210700000000,
Spine Length,1.05288,um,Spine,,,0,,,,1,,100000023,230700000000,
Spine Length,2.11299,um,Spine,,,0,,,,1,,100000025,250700000000,
Spine Length,1.10812,um,Spine,,,0,,,,1,,100000027,270700000000,
Spine Length,2.09784,um,Spine,,,0,,,,1,,100000029,290700000000,
Spine Length,2.9309,um,Spine,,,0,,,,1,,100000031,310700000000,
Spine Length,4.28641,um,Spine,,,0,,,,1,,100000033,330700000000,
Spine Length,2.98014,um,Spine,,,0,,,,1,,100000035,350700000000,
Spine Length,1.09759,um,Spine,,,0,,,,1,,100000036,360700000000,
Spine Length,3.24548,um,Spine,,,0,,,,1,,100000037,370700000000,
Spine Length,1.06827,um,Spine,,,0,,,,1,,100000038,380700000000,
Spine Length,3.29478,um,Spine,,,0,,,,1,,100000039,390700000000,
Spine Length,2.23305,um,Spine,,,0,,,,1,,100000040,400700000000,
Spine Length,1.05106,um,Spine,,,0,,,,1,,100000041,410700000000,
Spine Length,1.12524,um,Spine,,,0,,,,1,,100000043,430700000000,
Spine Length,1.01404,um,Spine,,,0,,,,1,,100000045,450700000000,
Spine Length,3.20638,um,Spine,,,0,,,,1,,100000047,470700000000,
Spine Length,1.03257,um,Spine,,,0,,,,1,,100000048,480700000000,
Spine Length,1.49982,um,Spine,,,0,,,,1,,100000049,490700000000,
Spine Length,1.12824,um,Spine,,,0,,,,1,,100000051,510700000000,
Spine Length,1.06289,um,Spine,,,0,,,,1,,100000053,530700000000,
Spine Length,5.63806,um,Spine,,,0,,,,1,,100000055,550700000000,
Spine Length,1.05734,um,Spine,,,0,,,,1,,100000056,560700000000,
Spine Length,2.11808,um,Spine,,,0,,,,1,,100000057,570700000000,
Spine Length,2.31012,um,Spine,,,0,,,,1,,100000059,590700000000,
Spine Length,2.1131,um,Spine,,,0,,,,1,,100000061,610700000000,
Spine Length,2.14513,um,Spine,,,0,,,,1,,100000063,630700000000,
Spine Length,2.12037,um,Spine,,,0,,,,1,,100000065,650700000000,
Spine Length,1.98947,um,Spine,,,0,,,,1,,100000067,670700000000,
Spine Length,1.08248,um,Spine,,,0,,,,1,,100000068,680700000000,
Spine Length,1.89841,um,Spine,,,0,,,,1,,100000069,690700000000,
Spine Length,2.18284,um,Spine,,,0,,,,1,,100000071,710700000000,
Spine Length,1.02615,um,Spine,,,0,,,,1,,100000073,730700000000,
Spine Length,1.04601,um,Spine,,,0,,,,1,,100000075,750700000000,
Spine Length,1.16618,um,Spine,,,0,,,,1,,100000077,770700000000,
Spine Length,3.15199,um,Spine,,,0,,,,1,,100000079,790700000000,
Spine Length,1.07046,um,Spine,,,0,,,,1,,100000081,810700000000,
Spine Length,2.22928,um,Spine,,,0,,,,1,,100000083,830700000000,
Spine Length,1.17772,um,Spine,,,0,,,,1,,100000084,840700000000,
Spine Length,1.20231,um,Spine,,,0,,,,1,,100000085,850700000000,
Spine Length,1.13591,um,Spine,,,0,,,,1,,100000087,870700000000,
Spine Max Diameter,0.703943,um,Spine,,,0,,1,,1,,100000000,700000000,
Spine Max Diameter,0.703943,um,Spine,,,0,,1,,1,,100000000,700000001,
Spine Max Diameter,0.224298,um,Spine,,,0,,,,1,,100000001,10700000000,
Spine Max Diameter,0.224298,um,Spine,,,0,,,,1,,100000003,30700000000,
Spine Max Diameter,0.224298,um,Spine,,,0,,,,1,,100000005,50700000000,
Spine Max Diameter,0.224298,um,Spine,,,0,,,,1,,100000007,70700000000,
Spine Max Diameter,0.246728,um,Spine,,,0,,,,1,,100000010,100700000000,
Spine Max Diameter,0.246728,um,Spine,,,0,,,,1,,100000011,110700000000,
Spine Max Diameter,0.703943,um,Spine,,,0,,,,1,,100000012,120700000000,
Spine Max Diameter,0.703943,um,Spine,,,0,,,,1,,100000013,130700000000,
Spine Max Diameter,0.703943,um,Spine,,,0,,,,1,,100000014,140700000000,
Spine Max Diameter,0.703943,um,Spine,,,0,,,,1,,100000015,150700000000,
Spine Max Diameter,0.703943,um,Spine,,,0,,,,1,,100000016,160700000000,
Spine Max Diameter,0.703943,um,Spine,,,0,,,,1,,100000017,170700000000,
Spine Max Diameter,0.703943,um,Spine,,,0,,,,1,,100000019,190700000000,
Spine Max Diameter,0.246728,um,Spine,,,0,,,,1,,100000021,210700000000,
Spine Max Diameter,0.246728,um,Spine,,,0,,,,1,,100000023,230700000000,
Spine Max Diameter,0.246728,um,Spine,,,0,,,,1,,100000025,250700000000,
Spine Max Diameter,0.246728,um,Spine,,,0,,,,1,,100000027,270700000000,
Spine Max Diameter,0.246728,um,Spine,,,0,,,,1,,100000029,290700000000,
Spine Max Diameter,0.246728,um,Spine,,,0,,,,1,,100000031,310700000000,
Spine Max Diameter,0.246728,um,Spine,,,0,,,,1,,100000033,330700000000,
Spine Max Diameter,0.246728,um,Spine,,,0,,,,1,,100000035,350700000000,
Spine Max Diameter,0.246728,um,Spine,,,0,,,,1,,100000036,360700000000,
Spine Max Diameter,0.246728,um,Spine,,,0,,,,1,,100000037,370700000000,
Spine Max Diameter,0.246728,um,Spine,,,0,,,,1,,100000038,380700000000,
Spine Max Diameter,0.246728,um,Spine,,,0,,,,1,,100000039,390700000000,
Spine Max Diameter,0.246728,um,Spine,,,0,,,,1,,100000040,400700000000,
Spine Max Diameter,0.246728,um,Spine,,,0,,,,1,,100000041,410700000000,
Spine Max Diameter,0.246728,um,Spine,,,0,,,,1,,100000043,430700000000,
Spine Max Diameter,0.246728,um,Spine,,,0,,,,1,,100000045,450700000000,
Spine Max Diameter,0.246728,um,Spine,,,0,,,,1,,100000047,470700000000,
Spine Max Diameter,0.246728,um,Spine,,,0,,,,1,,100000048,480700000000,
Spine Max Diameter,0.246728,um,Spine,,,0,,,,1,,100000049,490700000000,
Spine Max Diameter,0.246728,um,Spine,,,0,,,,1,,100000051,510700000000,
Spine Max Diameter,0.246728,um,Spine,,,0,,,,1,,100000053,530700000000,
Spine Max Diameter,0.246728,um,Spine,,,0,,,,1,,100000055,550700000000,
Spine Max Diameter,0.246728,um,Spine,,,0,,,,1,,100000056,560700000000,
Spine Max Diameter,0.246728,um,Spine,,,0,,,,1,,100000057,570700000000,
Spine Max Diameter,0.246728,um,Spine,,,0,,,,1,,100000059,590700000000,
Spine Max Diameter,0.246728,um,Spine,,,0,,,,1,,100000061,610700000000,
Spine Max Diameter,0.246728,um,Spine,,,0,,,,1,,100000063,630700000000,
Spine Max Diameter,0.246728,um,Spine,,,0,,,,1,,100000065,650700000000,
Spine Max Diameter,0.246728,um,Spine,,,0,,,,1,,100000067,670700000000,
Spine Max Diameter,0.246728,um,Spine,,,0,,,,1,,100000068,680700000000,
Spine Max Diameter,0.246728,um,Spine,,,0,,,,1,,100000069,690700000000,
Spine Max Diameter,0.246728,um,Spine,,,0,,,,1,,100000071,710700000000,
Spine Max Diameter,0.246728,um,Spine,,,0,,,,1,,100000073,730700000000,
Spine Max Diameter,0.246728,um,Spine,,,0,,,,1,,100000075,750700000000,
Spine Max Diameter,0.246728,um,Spine,,,0,,,,1,,100000077,770700000000,
Spine Max Diameter,0.246728,um,Spine,,,0,,,,1,,100000079,790700000000,
Spine Max Diameter,0.246728,um,Spine,,,0,,,,1,,100000081,810700000000,
Spine Max Diameter,0.246728,um,Spine,,,0,,,,1,,100000083,830700000000,
Spine Max Diameter,0.246728,um,Spine,,,0,,,,1,,100000084,840700000000,
Spine Max Diameter,0.246728,um,Spine,,,0,,,,1,,100000085,850700000000,
Spine Max Diameter,0.246728,um,Spine,,,0,,,,1,,100000087,870700000000,
Spine Mean Diameter,0.703943,um,Spine,,,0,,1,,1,,100000000,700000000,
Spine Mean Diameter,0.703943,um,Spine,,,0,,1,,1,,100000000,700000001,
Spine Mean Diameter,0.224298,um,Spine,,,0,,,,1,,100000001,10700000000,
Spine Mean Diameter,0.224298,um,Spine,,,0,,,,1,,100000003,30700000000,
Spine Mean Diameter,0.224298,um,Spine,,,0,,,,1,,100000005,50700000000,
Spine Mean Diameter,0.224298,um,Spine,,,0,,,,1,,100000007,70700000000,
Spine Mean Diameter,0.246728,um,Spine,,,0,,,,1,,100000010,100700000000,
Spine Mean Diameter,0.246728,um,Spine,,,0,,,,1,,100000011,110700000000,
Spine Mean Diameter,0.703943,um,Spine,,,0,,,,1,,100000012,120700000000,
Spine Mean Diameter,0.703943,um,Spine,,,0,,,,1,,100000013,130700000000,
Spine Mean Diameter,0.703943,um,Spine,,,0,,,,1,,100000014,140700000000,
Spine Mean Diameter,0.703943,um,Spine,,,0,,,,1,,100000015,150700000000,
Spine Mean Diameter,0.703943,um,Spine,,,0,,,,1,,100000016,160700000000,
Spine Mean Diameter,0.703943,um,Spine,,,0,,,,1,,100000017,170700000000,
Spine Mean Diameter,0.703943,um,Spine,,,0,,,,1,,100000019,190700000000,
Spine Mean Diameter,0.246728,um,Spine,,,0,,,,1,,100000021,210700000000,
Spine Mean Diameter,0.246728,um,Spine,,,0,,,,1,,100000023,230700000000,
Spine Mean Diameter,0.246728,um,Spine,,,0,,,,1,,100000025,250700000000,
Spine Mean Diameter,0.246728,um,Spine,,,0,,,,1,,100000027,270700000000,
Spine Mean Diameter,0.246728,um,Spine,,,0,,,,1,,100000029,290700000000,
Spine Mean Diameter,0.246728,um,Spine,,,0,,,,1,,100000031,310700000000,
Spine Mean Diameter,0.246728,um,Spine,,,0,,,,1,,100000033,330700000000,
Spine Mean Diameter,0.246728,um,Spine,,,0,,,,1,,100000035,350700000000,
Spine Mean Diameter,0.246728,um,Spine,,,0,,,,1,,100000036,360700000000,
Spine Mean Diameter,0.246728,um,Spine,,,0,,,,1,,100000037,370700000000,
Spine Mean Diameter,0.246728,um,Spine,,,0,,,,1,,100000038,380700000000,
Spine Mean Diameter,0.246728,um,Spine,,,0,,,,1,,100000039,390700000000,
Spine Mean Diameter,0.246728,um,Spine,,,0,,,,1,,100000040,400700000000,
Spine Mean Diameter,0.246728,um,Spine,,,0,,,,1,,100000041,410700000000,
Spine Mean Diameter,0.246728,um,Spine,,,0,,,,1,,100000043,430700000000,
Spine Mean Diameter,0.246728,um,Spine,,,0,,,,1,,100000045,450700000000,
Spine Mean Diameter,0.246728,um,Spine,,,0,,,,1,,100000047,470700000000,
Spine Mean Diameter,0.246728,um,Spine,,,0,,,,1,,100000048,480700000000,
Spine Mean Diameter,0.246728,um,Spine,,,0,,,,1,,100000049,490700000000,
Spine Mean Diameter,0.246728,um,Spine,,,0,,,,1,,100000051,510700000000,
Spine Mean Diameter,0.246728,um,Spine,,,0,,,,1,,100000053,530700000000,
Spine Mean Diameter,0.246728,um,Spine,,,0,,,,1,,100000055,550700000000,
Spine Mean Diameter,0.246728,um,Spine,,,0,,,,1,,100000056,560700000000,
Spine Mean Diameter,0.246728,um,Spine,,,0,,,,1,,100000057,570700000000,
Spine Mean Diameter,0.246728,um,Spine,,,0,,,,1,,100000059,590700000000,
Spine Mean Diameter,0.246728,um,Spine,,,0,,,,1,,100000061,610700000000,
Spine Mean Diameter,0.246728,um,Spine,,,0,,,,1,,100000063,630700000000,
Spine Mean Diameter,0.246728,um,Spine,,,0,,,,1,,100000065,650700000000,
Spine Mean Diameter,0.246728,um,Spine,,,0,,,,1,,100000067,670700000000,
Spine Mean Diameter,0.246728,um,Spine,,,0,,,,1,,100000068,680700000000,
Spine Mean Diameter,0.246728,um,Spine,,,0,,,,1,,100000069,690700000000,
Spine Mean Diameter,0.246728,um,Spine,,,0,,,,1,,100000071,710700000000,
Spine Mean Diameter,0.246728,um,Spine,,,0,,,,1,,100000073,730700000000,
Spine Mean Diameter,0.246728,um,Spine,,,0,,,,1,,100000075,750700000000,
Spine Mean Diameter,0.246728,um,Spine,,,0,,,,1,,100000077,770700000000,
Spine Mean Diameter,0.246728,um,Spine,,,0,,,,1,,100000079,790700000000,
Spine Mean Diameter,0.246728,um,Spine,,,0,,,,1,,100000081,810700000000,
Spine Mean Diameter,0.246728,um,Spine,,,0,,,,1,,100000083,830700000000,
Spine Mean Diameter,0.246728,um,Spine,,,0,,,,1,,100000084,840700000000,
Spine Mean Diameter,0.246728,um,Spine,,,0,,,,1,,100000085,850700000000,
Spine Mean Diameter,0.246728,um,Spine,,,0,,,,1,,100000087,870700000000,
Spine Min Diameter,0.703943,um,Spine,,,0,,1,,1,,100000000,700000000,
Spine Min Diameter,0.703943,um,Spine,,,0,,1,,1,,100000000,700000001,
Spine Min Diameter,0.224298,um,Spine,,,0,,,,1,,100000001,10700000000,
Spine Min Diameter,0.224298,um,Spine,,,0,,,,1,,100000003,30700000000,
Spine Min Diameter,0.224298,um,Spine,,,0,,,,1,,100000005,50700000000,
Spine Min Diameter,0.224298,um,Spine,,,0,,,,1,,100000007,70700000000,
Spine Min Diameter,0.246728,um,Spine,,,0,,,,1,,100000010,100700000000,
Spine Min Diameter,0.246728,um,Spine,,,0,,,,1,,100000011,110700000000,
Spine Min Diameter,0.703943,um,Spine,,,0,,,,1,,100000012,120700000000,
Spine Min Diameter,0.703943,um,Spine,,,0,,,,1,,100000013,130700000000,
Spine Min Diameter,0.703943,um,Spine,,,0,,,,1,,100000014,140700000000,
Spine Min Diameter,0.703943,um,Spine,,,0,,,,1,,100000015,150700000000,
Spine Min Diameter,0.703943,um,Spine,,,0,,,,1,,100000016,160700000000,
Spine Min Diameter,0.703943,um,Spine,,,0,,,,1,,100000017,170700000000,
Spine Min Diameter,0.703943,um,Spine,,,0,,,,1,,100000019,190700000000,
Spine Min Diameter,0.246728,um,Spine,,,0,,,,1,,100000021,210700000000,
Spine Min Diameter,0.246728,um,Spine,,,0,,,,1,,100000023,230700000000,
Spine Min Diameter,0.246728,um,Spine,,,0,,,,1,,100000025,250700000000,
Spine Min Diameter,0.246728,um,Spine,,,0,,,,1,,100000027,270700000000,
Spine Min Diameter,0.246728,um,Spine,,,0,,,,1,,100000029,290700000000,
Spine Min Diameter,0.246728,um,Spine,,,0,,,,1,,100000031,310700000000,
Spine Min Diameter,0.246728,um,Spine,,,0,,,,1,,100000033,330700000000,
Spine Min Diameter,0.246728,um,Spine,,,0,,,,1,,100000035,350700000000,
Spine Min Diameter,0.246728,um,Spine,,,0,,,,1,,100000036,360700000000,
Spine Min Diameter,0.246728,um,Spine,,,0,,,,1,,100000037,370700000000,
Spine Min Diameter,0.246728,um,Spine,,,0,,,,1,,100000038,380700000000,
Spine Min Diameter,0.246728,um,Spine,,,0,,,,1,,100000039,390700000000,
Spine Min Diameter,0.246728,um,Spine,,,0,,,,1,,100000040,400700000000,
Spine Min Diameter,0.246728,um,Spine,,,0,,,,1,,100000041,410700000000,
Spine Min Diameter,0.246728,um,Spine,,,0,,,,1,,100000043,430700000000,
Spine Min Diameter,0.246728,um,Spine,,,0,,,,1,,100000045,450700000000,
Spine Min Diameter,0.246728,um,Spine,,,0,,,,1,,100000047,470700000000,
Spine Min Diameter,0.246728,um,Spine,,,0,,,,1,,100000048,480700000000,
Spine Min Diameter,0.246728,um,Spine,,,0,,,,1,,100000049,490700000000,
Spine Min Diameter,0.246728,um,Spine,,,0,,,,1,,100000051,510700000000,
Spine Min Diameter,0.246728,um,Spine,,,0,,,,1,,100000053,530700000000,
Spine Min Diameter,0.246728,um,Spine,,,0,,,,1,,100000055,550700000000,
Spine Min Diameter,0.246728,um,Spine,,,0,,,,1,,100000056,560700000000,
Spine Min Diameter,0.246728,um,Spine,,,0,,,,1,,100000057,570700000000,
Spine Min Diameter,0.246728,um,Spine,,,0,,,,1,,100000059,590700000000,
Spine Min Diameter,0.246728,um,Spine,,,0,,,,1,,100000061,610700000000,
Spine Min Diameter,0.246728,um,Spine,,,0,,,,1,,100000063,630700000000,
Spine Min Diameter,0.246728,um,Spine,,,0,,,,1,,100000065,650700000000,
Spine Min Diameter,0.246728,um,Spine,,,0,,,,1,,100000067,670700000000,
Spine Min Diameter,0.246728,um,Spine,,,0,,,,1,,100000068,680700000000,
Spine Min Diameter,0.246728,um,Spine,,,0,,,,1,,100000069,690700000000,
Spine Min Diameter,0.246728,um,Spine,,,0,,,,1,,100000071,710700000000,
Spine Min Diameter,0.246728,um,Spine,,,0,,,,1,,100000073,730700000000,
Spine Min Diameter,0.246728,um,Spine,,,0,,,,1,,100000075,750700000000,
Spine Min Diameter,0.246728,um,Spine,,,0,,,,1,,100000077,770700000000,
Spine Min Diameter,0.246728,um,Spine,,,0,,,,1,,100000079,790700000000,
Spine Min Diameter,0.246728,um,Spine,,,0,,,,1,,100000081,810700000000,
Spine Min Diameter,0.246728,um,Spine,,,0,,,,1,,100000083,830700000000,
Spine Min Diameter,0.246728,um,Spine,,,0,,,,1,,100000084,840700000000,
Spine Min Diameter,0.246728,um,Spine,,,0,,,,1,,100000085,850700000000,
Spine Min Diameter,0.246728,um,Spine,,,0,,,,1,,100000087,870700000000,
Spine Neck Max Diameter,0,um,Spine,,,0,,1,,1,,100000000,700000000,
Spine Neck Max Diameter,0.703943,um,Spine,,,0,,1,,1,,100000000,700000001,
Spine Neck Max Diameter,0.224298,um,Spine,,,0,,,,1,,100000001,10700000000,
Spine Neck Max Diameter,0,um,Spine,,,0,,,,1,,100000003,30700000000,
Spine Neck Max Diameter,0,um,Spine,,,0,,,,1,,100000005,50700000000,
Spine Neck Max Diameter,0.224298,um,Spine,,,0,,,,1,,100000007,70700000000,
Spine Neck Max Diameter,0.246728,um,Spine,,,0,,,,1,,100000010,100700000000,
Spine Neck Max Diameter,0,um,Spine,,,0,,,,1,,100000011,110700000000,
Spine Neck Max Diameter,0,um,Spine,,,0,,,,1,,100000012,120700000000,
Spine Neck Max Diameter,0,um,Spine,,,0,,,,1,,100000013,130700000000,
Spine Neck Max Diameter,0,um,Spine,,,0,,,,1,,100000014,140700000000,
Spine Neck Max Diameter,0.703943,um,Spine,,,0,,,,1,,100000015,150700000000,
Spine Neck Max Diameter,0,um,Spine,,,0,,,,1,,100000016,160700000000,
Spine Neck Max Diameter,0.703943,um,Spine,,,0,,,,1,,100000017,170700000000,
Spine Neck Max Diameter,0.703943,um,Spine,,,0,,,,1,,100000019,190700000000,
Spine Neck Max Diameter,0,um,Spine,,,0,,,,1,,100000021,210700000000,
Spine Neck Max Diameter,0,um,Spine,,,0,,,,1,,100000023,230700000000,
Spine Neck Max Diameter,0.246728,um,Spine,,,0,,,,1,,100000025,250700000000,
Spine Neck Max Diameter,0,um,Spine,,,0,,,,1,,100000027,270700000000,
Spine Neck Max Diameter,0.246728,um,Spine,,,0,,,,1,,100000029,290700000000,
Spine Neck Max Diameter,0.246728,um,Spine,,,0,,,,1,,100000031,310700000000,
Spine Neck Max Diameter,0.246728,um,Spine,,,0,,,,1,,100000033,330700000000,
Spine Neck Max Diameter,0.246728,um,Spine,,,0,,,,1,,100000035,350700000000,
Spine Neck Max Diameter,0,um,Spine,,,0,,,,1,,100000036,360700000000,
Spine Neck Max Diameter,0.246728,um,Spine,,,0,,,,1,,100000037,370700000000,
Spine Neck Max Diameter,0,um,Spine,,,0,,,,1,,100000038,380700000000,
Spine Neck Max Diameter,0.246728,um,Spine,,,0,,,,1,,100000039,390700000000,
Spine Neck Max Diameter,0.246728,um,Spine,,,0,,,,1,,100000040,400700000000,
Spine Neck Max Diameter,0,um,Spine,,,0,,,,1,,100000041,410700000000,
Spine Neck Max Diameter,0,um,Spine,,,0,,,,1,,100000043,430700000000,
Spine Neck Max Diameter,0,um,Spine,,,0,,,,1,,100000045,450700000000,
Spine Neck Max Diameter,0.246728,um,Spine,,,0,,,,1,,100000047,470700000000,
Spine Neck Max Diameter,0,um,Spine,,,0,,,,1,,100000048,480700000000,
Spine Neck Max Diameter,0,um,Spine,,,0,,,,1,,100000049,490700000000,
Spine Neck Max Diameter,0,um,Spine,,,0,,,,1,,100000051,510700000000,
Spine Neck Max Diameter,0,um,Spine,,,0,,,,1,,100000053,530700000000,
Spine Neck Max Diameter,0.246728,um,Spine,,,0,,,,1,,100000055,550700000000,
Spine Neck Max Diameter,0,um,Spine,,,0,,,,1,,100000056,560700000000,
Spine Neck Max Diameter,0.246728,um,Spine,,,0,,,,1,,100000057,570700000000,
Spine Neck Max Diameter,0.246728,um,Spine,,,0,,,,1,,100000059,590700000000,
Spine Neck Max Diameter,0.246728,um,Spine,,,0,,,,1,,100000061,610700000000,
Spine Neck Max Diameter,0.246728,um,Spine,,,0,,,,1,,100000063,630700000000,
Spine Neck Max Diameter,0.246728,um,Spine,,,0,,,,1,,100000065,650700000000,
Spine Neck Max Diameter,0.246728,um,Spine,,,0,,,,1,,100000067,670700000000,
Spine Neck Max Diameter,0,um,Spine,,,0,,,,1,,100000068,680700000000,
Spine Neck Max Diameter,0.246728,um,Spine,,,0,,,,1,,100000069,690700000000,
Spine Neck Max Diameter,0.246728,um,Spine,,,0,,,,1,,100000071,710700000000,
Spine Neck Max Diameter,0,um,Spine,,,0,,,,1,,100000073,730700000000,
Spine Neck Max Diameter,0,um,Spine,,,0,,,,1,,100000075,750700000000,
Spine Neck Max Diameter,0,um,Spine,,,0,,,,1,,100000077,770700000000,
Spine Neck Max Diameter,0.246728,um,Spine,,,0,,,,1,,100000079,790700000000,
Spine Neck Max Diameter,0,um,Spine,,,0,,,,1,,100000081,810700000000,
Spine Neck Max Diameter,0.246728,um,Spine,,,0,,,,1,,100000083,830700000000,
Spine Neck Max Diameter,0,um,Spine,,,0,,,,1,,100000084,840700000000,
Spine Neck Max Diameter,0,um,Spine,,,0,,,,1,,100000085,850700000000,
Spine Neck Max Diameter,0,um,Spine,,,0,,,,1,,100000087,870700000000,
Spine Neck Mean Diameter,0,um,Spine,,,0,,1,,1,,100000000,700000000,
Spine Neck Mean Diameter,0.703943,um,Spine,,,0,,1,,1,,100000000,700000001,
Spine Neck Mean Diameter,0.224298,um,Spine,,,0,,,,1,,100000001,10700000000,
Spine Neck Mean Diameter,0,um,Spine,,,0,,,,1,,100000003,30700000000,
Spine Neck Mean Diameter,0,um,Spine,,,0,,,,1,,100000005,50700000000,
Spine Neck Mean Diameter,0.224298,um,Spine,,,0,,,,1,,100000007,70700000000,
Spine Neck Mean Diameter,0.246728,um,Spine,,,0,,,,1,,100000010,100700000000,
Spine Neck Mean Diameter,0,um,Spine,,,0,,,,1,,100000011,110700000000,
Spine Neck Mean Diameter,0,um,Spine,,,0,,,,1,,100000012,120700000000,
Spine Neck Mean Diameter,0,um,Spine,,,0,,,,1,,100000013,130700000000,
Spine Neck Mean Diameter,0,um,Spine,,,0,,,,1,,100000014,140700000000,
Spine Neck Mean Diameter,0.703943,um,Spine,,,0,,,,1,,100000015,150700000000,
Spine Neck Mean Diameter,0,um,Spine,,,0,,,,1,,100000016,160700000000,
Spine Neck Mean Diameter,0.703943,um,Spine,,,0,,,,1,,100000017,170700000000,
Spine Neck Mean Diameter,0.703943,um,Spine,,,0,,,,1,,100000019,190700000000,
Spine Neck Mean Diameter,0,um,Spine,,,0,,,,1,,100000021,210700000000,
Spine Neck Mean Diameter,0,um,Spine,,,0,,,,1,,100000023,230700000000,
Spine Neck Mean Diameter,0.246728,um,Spine,,,0,,,,1,,100000025,250700000000,
Spine Neck Mean Diameter,0,um,Spine,,,0,,,,1,,100000027,270700000000,
Spine Neck Mean Diameter,0.246728,um,Spine,,,0,,,,1,,100000029,290700000000,
Spine Neck Mean Diameter,0.246728,um,Spine,,,0,,,,1,,100000031,310700000000,
Spine Neck Mean Diameter,0.246728,um,Spine,,,0,,,,1,,100000033,330700000000,
Spine Neck Mean Diameter,0.246728,um,Spine,,,0,,,,1,,100000035,350700000000,
Spine Neck Mean Diameter,0,um,Spine,,,0,,,,1,,100000036,360700000000,
Spine Neck Mean Diameter,0.246728,um,Spine,,,0,,,,1,,100000037,370700000000,
Spine Neck Mean Diameter,0,um,Spine,,,0,,,,1,,100000038,380700000000,
Spine Neck Mean Diameter,0.246728,um,Spine,,,0,,,,1,,100000039,390700000000,
Spine Neck Mean Diameter,0.246728,um,Spine,,,0,,,,1,,100000040,400700000000,
Spine Neck Mean Diameter,0,um,Spine,,,0,,,,1,,100000041,410700000000,
Spine Neck Mean Diameter,0,um,Spine,,,0,,,,1,,100000043,430700000000,
Spine Neck Mean Diameter,0,um,Spine,,,0,,,,1,,100000045,450700000000,
Spine Neck Mean Diameter,0.246728,um,Spine,,,0,,,,1,,100000047,470700000000,
Spine Neck Mean Diameter,0,um,Spine,,,0,,,,1,,100000048,480700000000,
Spine Neck Mean Diameter,0,um,Spine,,,0,,,,1,,100000049,490700000000,
Spine Neck Mean Diameter,0,um,Spine,,,0,,,,1,,100000051,510700000000,
Spine Neck Mean Diameter,0,um,Spine,,,0,,,,1,,100000053,530700000000,
Spine Neck Mean Diameter,0.246728,um,Spine,,,0,,,,1,,100000055,550700000000,
Spine Neck Mean Diameter,0,um,Spine,,,0,,,,1,,100000056,560700000000,
Spine Neck Mean Diameter,0.246728,um,Spine,,,0,,,,1,,100000057,570700000000,
Spine Neck Mean Diameter,0.246728,um,Spine,,,0,,,,1,,100000059,590700000000,
Spine Neck Mean Diameter,0.246728,um,Spine,,,0,,,,1,,100000061,610700000000,
Spine Neck Mean Diameter,0.246728,um,Spine,,,0,,,,1,,100000063,630700000000,
Spine Neck Mean Diameter,0.246728,um,Spine,,,0,,,,1,,100000065,650700000000,
Spine Neck Mean Diameter,0.246728,um,Spine,,,0,,,,1,,100000067,670700000000,
Spine Neck Mean Diameter,0,um,Spine,,,0,,,,1,,100000068,680700000000,
Spine Neck Mean Diameter,0.246728,um,Spine,,,0,,,,1,,100000069,690700000000,
Spine Neck Mean Diameter,0.246728,um,Spine,,,0,,,,1,,100000071,710700000000,
Spine Neck Mean Diameter,0,um,Spine,,,0,,,,1,,100000073,730700000000,
Spine Neck Mean Diameter,0,um,Spine,,,0,,,,1,,100000075,750700000000,
Spine Neck Mean Diameter,0,um,Spine,,,0,,,,1,,100000077,770700000000,
Spine Neck Mean Diameter,0.246728,um,Spine,,,0,,,,1,,100000079,790700000000,
Spine Neck Mean Diameter,0,um,Spine,,,0,,,,1,,100000081,810700000000,
Spine Neck Mean Diameter,0.246728,um,Spine,,,0,,,,1,,100000083,830700000000,
Spine Neck Mean Diameter,0,um,Spine,,,0,,,,1,,100000084,840700000000,
Spine Neck Mean Diameter,0,um,Spine,,,0,,,,1,,100000085,850700000000,
Spine Neck Mean Diameter,0,um,Spine,,,0,,,,1,,100000087,870700000000,
Spine Neck Min Diameter,0,um,Spine,,,0,,1,,1,,100000000,700000000,
Spine Neck Min Diameter,0.703943,um,Spine,,,0,,1,,1,,100000000,700000001,
Spine Neck Min Diameter,0.224298,um,Spine,,,0,,,,1,,100000001,10700000000,
Spine Neck Min Diameter,0,um,Spine,,,0,,,,1,,100000003,30700000000,
Spine Neck Min Diameter,0,um,Spine,,,0,,,,1,,100000005,50700000000,
Spine Neck Min Diameter,0.224298,um,Spine,,,0,,,,1,,100000007,70700000000,
Spine Neck Min Diameter,0.246728,um,Spine,,,0,,,,1,,100000010,100700000000,
Spine Neck Min Diameter,0,um,Spine,,,0,,,,1,,100000011,110700000000,
Spine Neck Min Diameter,0,um,Spine,,,0,,,,1,,100000012,120700000000,
Spine Neck Min Diameter,0,um,Spine,,,0,,,,1,,100000013,130700000000,
Spine Neck Min Diameter,0,um,Spine,,,0,,,,1,,100000014,140700000000,
Spine Neck Min Diameter,0.703943,um,Spine,,,0,,,,1,,100000015,150700000000,
Spine Neck Min Diameter,0,um,Spine,,,0,,,,1,,100000016,160700000000,
Spine Neck Min Diameter,0.703943,um,Spine,,,0,,,,1,,100000017,170700000000,
Spine Neck Min Diameter,0.703943,um,Spine,,,0,,,,1,,100000019,190700000000,
Spine Neck Min Diameter,0,um,Spine,,,0,,,,1,,100000021,210700000000,
Spine Neck Min Diameter,0,um,Spine,,,0,,,,1,,100000023,230700000000,
Spine Neck Min Diameter,0.246728,um,Spine,,,0,,,,1,,100000025,250700000000,
Spine Neck Min Diameter,0,um,Spine,,,0,,,,1,,100000027,270700000000,
Spine Neck Min Diameter,0.246728,um,Spine,,,0,,,,1,,100000029,290700000000,
Spine Neck Min Diameter,0.246728,um,Spine,,,0,,,,1,,100000031,310700000000,
Spine Neck Min Diameter,0.246728,um,Spine,,,0,,,,1,,100000033,330700000000,
Spine Neck Min Diameter,0.246728,um,Spine,,,0,,,,1,,100000035,350700000000,
Spine Neck Min Diameter,0,um,Spine,,,0,,,,1,,100000036,360700000000,
Spine Neck Min Diameter,0.246728,um,Spine,,,0,,,,1,,100000037,370700000000,
Spine Neck Min Diameter,0,um,Spine,,,0,,,,1,,100000038,380700000000,
Spine Neck Min Diameter,0.246728,um,Spine,,,0,,,,1,,100000039,390700000000,
Spine Neck Min Diameter,0.246728,um,Spine,,,0,,,,1,,100000040,400700000000,
Spine Neck Min Diameter,0,um,Spine,,,0,,,,1,,100000041,410700000000,
Spine Neck Min Diameter,0,um,Spine,,,0,,,,1,,100000043,430700000000,
Spine Neck Min Diameter,0,um,Spine,,,0,,,,1,,100000045,450700000000,
Spine Neck Min Diameter,0.246728,um,Spine,,,0,,,,1,,100000047,470700000000,
Spine Neck Min Diameter,0,um,Spine,,,0,,,,1,,100000048,480700000000,
Spine Neck Min Diameter,0,um,Spine,,,0,,,,1,,100000049,490700000000,
Spine Neck Min Diameter,0,um,Spine,,,0,,,,1,,100000051,510700000000,
Spine Neck Min Diameter,0,um,Spine,,,0,,,,1,,100000053,530700000000,
Spine Neck Min Diameter,0.246728,um,Spine,,,0,,,,1,,100000055,550700000000,
Spine Neck Min Diameter,0,um,Spine,,,0,,,,1,,100000056,560700000000,
Spine Neck Min Diameter,0.246728,um,Spine,,,0,,,,1,,100000057,570700000000,
Spine Neck Min Diameter,0.246728,um,Spine,,,0,,,,1,,100000059,590700000000,
Spine Neck Min Diameter,0.246728,um,Spine,,,0,,,,1,,100000061,610700000000,
Spine Neck Min Diameter,0.246728,um,Spine,,,0,,,,1,,100000063,630700000000,
Spine Neck Min Diameter,0.246728,um,Spine,,,0,,,,1,,100000065,650700000000,
Spine Neck Min Diameter,0.246728,um,Spine,,,0,,,,1,,100000067,670700000000,
Spine Neck Min Diameter,0,um,Spine,,,0,,,,1,,100000068,680700000000,
Spine Neck Min Diameter,0.246728,um,Spine,,,0,,,,1,,100000069,690700000000,
Spine Neck Min Diameter,0.246728,um,Spine,,,0,,,,1,,100000071,710700000000,
Spine Neck Min Diameter,0,um,Spine,,,0,,,,1,,100000073,730700000000,
Spine Neck Min Diameter,0,um,Spine,,,0,,,,1,,100000075,750700000000,
Spine Neck Min Diameter,0,um,Spine,,,0,,,,1,,100000077,770700000000,
Spine Neck Min Diameter,0.246728,um,Spine,,,0,,,,1,,100000079,790700000000,
Spine Neck Min Diameter,0,um,Spine,,,0,,,,1,,100000081,810700000000,
Spine Neck Min Diameter,0.246728,um,Spine,,,0,,,,1,,100000083,830700000000,
Spine Neck Min Diameter,0,um,Spine,,,0,,,,1,,100000084,840700000000,
Spine Neck Min Diameter,0,um,Spine,,,0,,,,1,,100000085,850700000000,
Spine Neck Min Diameter,0,um,Spine,,,0,,,,1,,100000087,870700000000,
Spine Orientation Angle,-144.162,°,Spine,,,0,,1,,1,,100000000,700000000,
Spine Orientation Angle,148.842,°,Spine,,,0,,1,,1,,100000000,700000001,
Spine Orientation Angle,-142.431,°,Spine,,,0,,,,1,,100000001,10700000000,
Spine Orientation Angle,-145.305,°,Spine,,,0,,,,1,,100000003,30700000000,
Spine Orientation Angle,-24.5901,°,Spine,,,0,,,,1,,100000005,50700000000,
Spine Orientation Angle,137.144,°,Spine,,,0,,,,1,,100000007,70700000000,
Spine Orientation Angle,-28.9846,°,Spine,,,0,,,,1,,100000010,100700000000,
Spine Orientation Angle,-139.128,°,Spine,,,0,,,,1,,100000011,110700000000,
Spine Orientation Angle,-104.621,°,Spine,,,0,,,,1,,100000012,120700000000,
Spine Orientation Angle,-146.575,°,Spine,,,0,,,,1,,100000013,130700000000,
Spine Orientation Angle,-66.0375,°,Spine,,,0,,,,1,,100000014,140700000000,
Spine Orientation Angle,19.867,°,Spine,,,0,,,,1,,100000015,150700000000,
Spine Orientation Angle,-83.4537,°,Spine,,,0,,,,1,,100000016,160700000000,
Spine Orientation Angle,25.5599,°,Spine,,,0,,,,1,,100000017,170700000000,
Spine Orientation Angle,-55.4653,°,Spine,,,0,,,,1,,100000019,190700000000,
Spine Orientation Angle,173.191,°,Spine,,,0,,,,1,,100000021,210700000000,
Spine Orientation Angle,163.926,°,Spine,,,0,,,,1,,100000023,230700000000,
Spine Orientation Angle,-48.6382,°,Spine,,,0,,,,1,,100000025,250700000000,
Spine Orientation Angle,-21.8013,°,Spine,,,0,,,,1,,100000027,270700000000,
Spine Orientation Angle,8.53083,°,Spine,,,0,,,,1,,100000029,290700000000,
Spine Orientation Angle,111.425,°,Spine,,,0,,,,1,,100000031,310700000000,
Spine Orientation Angle,-177.408,°,Spine,,,0,,,,1,,100000033,330700000000,
Spine Orientation Angle,143.896,°,Spine,,,0,,,,1,,100000035,350700000000,
Spine Orientation Angle,-0.895137,°,Spine,,,0,,,,1,,100000036,360700000000,
Spine Orientation Angle,156.961,°,Spine,,,0,,,,1,,100000037,370700000000,
Spine Orientation Angle,-108.726,°,Spine,,,0,,,,1,,100000038,380700000000,
Spine Orientation Angle,147.804,°,Spine,,,0,,,,1,,100000039,390700000000,
Spine Orientation Angle,-117.943,°,Spine,,,0,,,,1,,100000040,400700000000,
Spine Orientation Angle,56.3099,°,Spine,,,0,,,,1,,100000041,410700000000,
Spine Orientation Angle,-7.88321,°,Spine,,,0,,,,1,,100000043,430700000000,
Spine Orientation Angle,-18.7412,°,Spine,,,0,,,,1,,100000045,450700000000,
Spine Orientation Angle,149.566,°,Spine,,,0,,,,1,,100000047,470700000000,
Spine Orientation Angle,-144.462,°,Spine,,,0,,,,1,,100000048,480700000000,
Spine Orientation Angle,30.9638,°,Spine,,,0,,,,1,,100000049,490700000000,
Spine Orientation Angle,155.772,°,Spine,,,0,,,,1,,100000051,510700000000,
Spine Orientation Angle,162.15,°,Spine,,,0,,,,1,,100000053,530700000000,
Spine Orientation Angle,127.794,°,Spine,,,0,,,,1,,100000055,550700000000,
Spine Orientation Angle,-81.6071,°,Spine,,,0,,,,1,,100000056,560700000000,
Spine Orientation Angle,-23.1986,°,Spine,,,0,,,,1,,100000057,570700000000,
Spine Orientation Angle,-39.4724,°,Spine,,,0,,,,1,,100000059,590700000000,
Spine Orientation Angle,-2.32772,°,Spine,,,0,,,,1,,100000061,610700000000,
Spine Orientation Angle,-138.724,°,Spine,,,0,,,,1,,100000063,630700000000,
Spine Orientation Angle,172.067,°,Spine,,,0,,,,1,,100000065,650700000000,
Spine Orientation Angle,-32.1644,°,Spine,,,0,,,,1,,100000067,670700000000,
Spine Orientation Angle,-130.503,°,Spine,,,0,,,,1,,100000068,680700000000,
Spine Orientation Angle,-21.1135,°,Spine,,,0,,,,1,,100000069,690700000000,
Spine Orientation Angle,160.56,°,Spine,,,0,,,,1,,100000071,710700000000,
Spine Orientation Angle,-9.61976,°,Spine,,,0,,,,1,,100000073,730700000000,
Spine Orientation Angle,0,°,Spine,,,0,,,,1,,100000075,750700000000,
Spine Orientation Angle,-19.7673,°,Spine,,,0,,,,1,,100000077,770700000000,
Spine Orientation Angle,106.887,°,Spine,,,0,,,,1,,100000079,790700000000,
Spine Orientation Angle,144.783,°,Spine,,,0,,,,1,,100000081,810700000000,
Spine Orientation Angle,-22.6199,°,Spine,,,0,,,,1,,100000083,830700000000,
Spine Orientation Angle,-106.06,°,Spine,,,0,,,,1,,100000084,840700000000,
Spine Orientation Angle,-86.7295,°,Spine,,,0,,,,1,,100000085,850700000000,
Spine Orientation Angle,-61.1136,°,Spine,,,0,,,,1,,100000087,870700000000,
Spine Part Length Ground,0.727883,um,Spine,,Spine Part Length,0,,1,,1,,100000000,700000000,
Spine Part Length Ground,2.30161,um,Spine,,Spine Part Length,0,,1,,1,,100000000,700000001,
Spine Part Length Ground,1.9899,um,Spine,,Spine Part Length,0,,,,1,,100000001,10700000000,
Spine Part Length Ground,1.19667,um,Spine,,Spine Part Length,0,,,,1,,100000003,30700000000,
Spine Part Length Ground,1.22477,um,Spine,,Spine Part Length,0,,,,1,,100000005,50700000000,
Spine Part Length Ground,1.95782,um,Spine,,Spine Part Length,0,,,,1,,100000007,70700000000,
Spine Part Length Ground,1.92847,um,Spine,,Spine Part Length,0,,,,1,,100000010,100700000000,
Spine Part Length Ground,1.30258,um,Spine,,Spine Part Length,0,,,,1,,100000011,110700000000,
Spine Part Length Ground,1.57477,um,Spine,,Spine Part Length,0,,,,1,,100000012,120700000000,
Spine Part Length Ground,1.37927,um,Spine,,Spine Part Length,0,,,,1,,100000013,130700000000,
Spine Part Length Ground,1.36529,um,Spine,,Spine Part Length,0,,,,1,,100000014,140700000000,
Spine Part Length Ground,2.20513,um,Spine,,Spine Part Length,0,,,,1,,100000015,150700000000,
Spine Part Length Ground,1.40485,um,Spine,,Spine Part Length,0,,,,1,,100000016,160700000000,
Spine Part Length Ground,2.21003,um,Spine,,Spine Part Length,0,,,,1,,100000017,170700000000,
Spine Part Length Ground,1.98073,um,Spine,,Spine Part Length,0,,,,1,,100000019,190700000000,
Spine Part Length Ground,1.28042,um,Spine,,Spine Part Length,0,,,,1,,100000021,210700000000,
Spine Part Length Ground,1.17624,um,Spine,,Spine Part Length,0,,,,1,,100000023,230700000000,
Spine Part Length Ground,2.11299,um,Spine,,Spine Part Length,0,,,,1,,100000025,250700000000,
Spine Part Length Ground,1.23149,um,Spine,,Spine Part Length,0,,,,1,,100000027,270700000000,
Spine Part Length Ground,2.09784,um,Spine,,Spine Part Length,0,,,,1,,100000029,290700000000,
Spine Part Length Ground,1.97583,um,Spine,,Spine Part Length,0,,,,1,,100000031,310700000000,
Spine Part Length Ground,3.24769,um,Spine,,Spine Part Length,0,,,,1,,100000033,330700000000,
Spine Part Length Ground,1.98614,um,Spine,,Spine Part Length,0,,,,1,,100000035,350700000000,
Spine Part Length Ground,1.22095,um,Spine,,Spine Part Length,0,,,,1,,100000036,360700000000,
Spine Part Length Ground,2.19832,um,Spine,,Spine Part Length,0,,,,1,,100000037,370700000000,
Spine Part Length Ground,1.19163,um,Spine,,Spine Part Length,0,,,,1,,100000038,380700000000,
Spine Part Length Ground,2.22989,um,Spine,,Spine Part Length,0,,,,1,,100000039,390700000000,
Spine Part Length Ground,2.23305,um,Spine,,Spine Part Length,0,,,,1,,100000040,400700000000,
Spine Part Length Ground,1.17442,um,Spine,,Spine Part Length,0,,,,1,,100000041,410700000000,
Spine Part Length Ground,1.2486,um,Spine,,Spine Part Length,0,,,,1,,100000043,430700000000,
Spine Part Length Ground,1.1374,um,Spine,,Spine Part Length,0,,,,1,,100000045,450700000000,
Spine Part Length Ground,2.20572,um,Spine,,Spine Part Length,0,,,,1,,100000047,470700000000,
Spine Part Length Ground,1.15594,um,Spine,,Spine Part Length,0,,,,1,,100000048,480700000000,
Spine Part Length Ground,1.62318,um,Spine,,Spine Part Length,0,,,,1,,100000049,490700000000,
Spine Part Length Ground,1.2516,um,Spine,,Spine Part Length,0,,,,1,,100000051,510700000000,
Spine Part Length Ground,1.18625,um,Spine,,Spine Part Length,0,,,,1,,100000053,530700000000,
Spine Part Length Ground,2.82889,um,Spine,,Spine Part Length,0,,,,1,,100000055,550700000000,
Spine Part Length Ground,1.1807,um,Spine,,Spine Part Length,0,,,,1,,100000056,560700000000,
Spine Part Length Ground,2.11808,um,Spine,,Spine Part Length,0,,,,1,,100000057,570700000000,
Spine Part Length Ground,2.31012,um,Spine,,Spine Part Length,0,,,,1,,100000059,590700000000,
Spine Part Length Ground,2.1131,um,Spine,,Spine Part Length,0,,,,1,,100000061,610700000000,
Spine Part Length Ground,2.14513,um,Spine,,Spine Part Length,0,,,,1,,100000063,630700000000,
Spine Part Length Ground,2.12037,um,Spine,,Spine Part Length,0,,,,1,,100000065,650700000000,
Spine Part Length Ground,1.98947,um,Spine,,Spine Part Length,0,,,,1,,100000067,670700000000,
Spine Part Length Ground,1.20585,um,Spine,,Spine Part Length,0,,,,1,,100000068,680700000000,
Spine Part Length Ground,1.89841,um,Spine,,Spine Part Length,0,,,,1,,100000069,690700000000,
Spine Part Length Ground,2.18284,um,Spine,,Spine Part Length,0,,,,1,,100000071,710700000000,
Spine Part Length Ground,1.14951,um,Spine,,Spine Part Length,0,,,,1,,100000073,730700000000,
Spine Part Length Ground,1.16938,um,Spine,,Spine Part Length,0,,,,1,,100000075,750700000000,
Spine Part Length Ground,1.28954,um,Spine,,Spine Part Length,0,,,,1,,100000077,770700000000,
Spine Part Length Ground,2.13273,um,Spine,,Spine Part Length,0,,,,1,,100000079,790700000000,
Spine Part Length Ground,1.19383,um,Spine,,Spine Part Length,0,,,,1,,100000081,810700000000,
Spine Part Length Ground,2.22928,um,Spine,,Spine Part Length,0,,,,1,,100000083,830700000000,
Spine Part Length Ground,1.30108,um,Spine,,Spine Part Length,0,,,,1,,100000084,840700000000,
Spine Part Length Ground,1.32567,um,Spine,,Spine Part Length,0,,,,1,,100000085,850700000000,
Spine Part Length Ground,1.25927,um,Spine,,Spine Part Length,0,,,,1,,100000087,870700000000,
Spine Part Length Head,0.351972,um,Spine,,Spine Part Length,0,,1,,1,,100000000,700000000,
Spine Part Length Head,1.41759,um,Spine,,Spine Part Length,0,,1,,1,,100000000,700000001,
Spine Part Length Head,0.112149,um,Spine,,Spine Part Length,0,,,,1,,100000001,10700000000,
Spine Part Length Head,0.112149,um,Spine,,Spine Part Length,0,,,,1,,100000003,30700000000,
Spine Part Length Head,0.112149,um,Spine,,Spine Part Length,0,,,,1,,100000005,50700000000,
Spine Part Length Head,0.112149,um,Spine,,Spine Part Length,0,,,,1,,100000007,70700000000,
Spine Part Length Head,0.123364,um,Spine,,Spine Part Length,0,,,,1,,100000010,100700000000,
Spine Part Length Head,0.123364,um,Spine,,Spine Part Length,0,,,,1,,100000011,110700000000,
Spine Part Length Head,0.351972,um,Spine,,Spine Part Length,0,,,,1,,100000012,120700000000,
Spine Part Length Head,0.351972,um,Spine,,Spine Part Length,0,,,,1,,100000013,130700000000,
Spine Part Length Head,0.351972,um,Spine,,Spine Part Length,0,,,,1,,100000014,140700000000,
Spine Part Length Head,0.351972,um,Spine,,Spine Part Length,0,,,,1,,100000015,150700000000,
Spine Part Length Head,0.351972,um,Spine,,Spine Part Length,0,,,,1,,100000016,160700000000,
Spine Part Length Head,0.351972,um,Spine,,Spine Part Length,0,,,,1,,100000017,170700000000,
Spine Part Length Head,0.351972,um,Spine,,Spine Part Length,0,,,,1,,100000019,190700000000,
Spine Part Length Head,0.123364,um,Spine,,Spine Part Length,0,,,,1,,100000021,210700000000,
Spine Part Length Head,0.123364,um,Spine,,Spine Part Length,0,,,,1,,100000023,230700000000,
Spine Part Length Head,0.123364,um,Spine,,Spine Part Length,0,,,,1,,100000025,250700000000,
Spine Part Length Head,0.123364,um,Spine,,Spine Part Length,0,,,,1,,100000027,270700000000,
Spine Part Length Head,0.123364,um,Spine,,Spine Part Length,0,,,,1,,100000029,290700000000,
Spine Part Length Head,0.123364,um,Spine,,Spine Part Length,0,,,,1,,100000031,310700000000,
Spine Part Length Head,1.16208,um,Spine,,Spine Part Length,0,,,,1,,100000033,330700000000,
Spine Part Length Head,0.123364,um,Spine,,Spine Part Length,0,,,,1,,100000035,350700000000,
Spine Part Length Head,0.123364,um,Spine,,Spine Part Length,0,,,,1,,100000036,360700000000,
Spine Part Length Head,0.123364,um,Spine,,Spine Part Length,0,,,,1,,100000037,370700000000,
Spine Part Length Head,0.123364,um,Spine,,Spine Part Length,0,,,,1,,100000038,380700000000,
Spine Part Length Head,0.123364,um,Spine,,Spine Part Length,0,,,,1,,100000039,390700000000,
Spine Part Length Head,0.123364,um,Spine,,Spine Part Length,0,,,,1,,100000040,400700000000,
Spine Part Length Head,0.123364,um,Spine,,Spine Part Length,0,,,,1,,100000041,410700000000,
Spine Part Length Head,0.123364,um,Spine,,Spine Part Length,0,,,,1,,100000043,430700000000,
Spine Part Length Head,0.123364,um,Spine,,Spine Part Length,0,,,,1,,100000045,450700000000,
Spine Part Length Head,0.123364,um,Spine,,Spine Part Length,0,,,,1,,100000047,470700000000,
Spine Part Length Head,0.123364,um,Spine,,Spine Part Length,0,,,,1,,100000048,480700000000,
Spine Part Length Head,0.123364,um,Spine,,Spine Part Length,0,,,,1,,100000049,490700000000,
Spine Part Length Head,0.123364,um,Spine,,Spine Part Length,0,,,,1,,100000051,510700000000,
Spine Part Length Head,0.123364,um,Spine,,Spine Part Length,0,,,,1,,100000053,530700000000,
Spine Part Length Head,1.14457,um,Spine,,Spine Part Length,0,,,,1,,100000055,550700000000,
Spine Part Length Head,0.123364,um,Spine,,Spine Part Length,0,,,,1,,100000056,560700000000,
Spine Part Length Head,0.123364,um,Spine,,Spine Part Length,0,,,,1,,100000057,570700000000,
Spine Part Length Head,0.123364,um,Spine,,Spine Part Length,0,,,,1,,100000059,590700000000,
Spine Part Length Head,0.123364,um,Spine,,Spine Part Length,0,,,,1,,100000061,610700000000,
Spine Part Length Head,0.123364,um,Spine,,Spine Part Length,0,,,,1,,100000063,630700000000,
Spine Part Length Head,0.123364,um,Spine,,Spine Part Length,0,,,,1,,100000065,650700000000,
Spine Part Length Head,0.123364,um,Spine,,Spine Part Length,0,,,,1,,100000067,670700000000,
Spine Part Length Head,0.123364,um,Spine,,Spine Part Length,0,,,,1,,100000068,680700000000,
Spine Part Length Head,0.123364,um,Spine,,Spine Part Length,0,,,,1,,100000069,690700000000,
Spine Part Length Head,0.123364,um,Spine,,Spine Part Length,0,,,,1,,100000071,710700000000,
Spine Part Length Head,0.123364,um,Spine,,Spine Part Length,0,,,,1,,100000073,730700000000,
Spine Part Length Head,0.123364,um,Spine,,Spine Part Length,0,,,,1,,100000075,750700000000,
Spine Part Length Head,0.123364,um,Spine,,Spine Part Length,0,,,,1,,100000077,770700000000,
Spine Part Length Head,0.123364,um,Spine,,Spine Part Length,0,,,,1,,100000079,790700000000,
Spine Part Length Head,0.123364,um,Spine,,Spine Part Length,0,,,,1,,100000081,810700000000,
Spine Part Length Head,0.123364,um,Spine,,Spine Part Length,0,,,,1,,100000083,830700000000,
Spine Part Length Head,0.123364,um,Spine,,Spine Part Length,0,,,,1,,100000084,840700000000,
Spine Part Length Head,0.123364,um,Spine,,Spine Part Length,0,,,,1,,100000085,850700000000,
Spine Part Length Head,0.123364,um,Spine,,Spine Part Length,0,,,,1,,100000087,870700000000,
Spine Part Length Neck,0,um,Spine,,Spine Part Length,0,,1,,1,,100000000,700000000,
Spine Part Length Neck,0,um,Spine,,Spine Part Length,0,,1,,1,,100000000,700000001,
Spine Part Length Neck,0,um,Spine,,Spine Part Length,0,,,,1,,100000001,10700000000,
Spine Part Length Neck,0,um,Spine,,Spine Part Length,0,,,,1,,100000003,30700000000,
Spine Part Length Neck,0,um,Spine,,Spine Part Length,0,,,,1,,100000005,50700000000,
Spine Part Length Neck,0.773673,um,Spine,,Spine Part Length,0,,,,1,,100000007,70700000000,
Spine Part Length Neck,1.02561,um,Spine,,Spine Part Length,0,,,,1,,100000010,100700000000,
Spine Part Length Neck,0,um,Spine,,Spine Part Length,0,,,,1,,100000011,110700000000,
Spine Part Length Neck,0,um,Spine,,Spine Part Length,0,,,,1,,100000012,120700000000,
Spine Part Length Neck,0,um,Spine,,Spine Part Length,0,,,,1,,100000013,130700000000,
Spine Part Length Neck,0,um,Spine,,Spine Part Length,0,,,,1,,100000014,140700000000,
Spine Part Length Neck,0,um,Spine,,Spine Part Length,0,,,,1,,100000015,150700000000,
Spine Part Length Neck,0,um,Spine,,Spine Part Length,0,,,,1,,100000016,160700000000,
Spine Part Length Neck,0,um,Spine,,Spine Part Length,0,,,,1,,100000017,170700000000,
Spine Part Length Neck,0,um,Spine,,Spine Part Length,0,,,,1,,100000019,190700000000,
Spine Part Length Neck,0,um,Spine,,Spine Part Length,0,,,,1,,100000021,210700000000,
Spine Part Length Neck,0,um,Spine,,Spine Part Length,0,,,,1,,100000023,230700000000,
Spine Part Length Neck,0,um,Spine,,Spine Part Length,0,,,,1,,100000025,250700000000,
Spine Part Length Neck,0,um,Spine,,Spine Part Length,0,,,,1,,100000027,270700000000,
Spine Part Length Neck,0,um,Spine,,Spine Part Length,0,,,,1,,100000029,290700000000,
Spine Part Length Neck,0.955065,um,Spine,,Spine Part Length,0,,,,1,,100000031,310700000000,
Spine Part Length Neck,0,um,Spine,,Spine Part Length,0,,,,1,,100000033,330700000000,
Spine Part Length Neck,0.993996,um,Spine,,Spine Part Length,0,,,,1,,100000035,350700000000,
Spine Part Length Neck,0,um,Spine,,Spine Part Length,0,,,,1,,100000036,360700000000,
Spine Part Length Neck,1.04716,um,Spine,,Spine Part Length,0,,,,1,,100000037,370700000000,
Spine Part Length Neck,0,um,Spine,,Spine Part Length,0,,,,1,,100000038,380700000000,
Spine Part Length Neck,1.06489,um,Spine,,Spine Part Length,0,,,,1,,100000039,390700000000,
Spine Part Length Neck,0,um,Spine,,Spine Part Length,0,,,,1,,100000040,400700000000,
Spine Part Length Neck,0,um,Spine,,Spine Part Length,0,,,,1,,100000041,410700000000,
Spine Part Length Neck,0,um,Spine,,Spine Part Length,0,,,,1,,100000043,430700000000,
Spine Part Length Neck,0,um,Spine,,Spine Part Length,0,,,,1,,100000045,450700000000,
Spine Part Length Neck,1.00066,um,Spine,,Spine Part Length,0,,,,1,,100000047,470700000000,
Spine Part Length Neck,0,um,Spine,,Spine Part Length,0,,,,1,,100000048,480700000000,
Spine Part Length Neck,0,um,Spine,,Spine Part Length,0,,,,1,,100000049,490700000000,
Spine Part Length Neck,0,um,Spine,,Spine Part Length,0,,,,1,,100000051,510700000000,
Spine Part Length Neck,0,um,Spine,,Spine Part Length,0,,,,1,,100000053,530700000000,
Spine Part Length Neck,1.78796,um,Spine,,Spine Part Length,0,,,,1,,100000055,550700000000,
Spine Part Length Neck,0,um,Spine,,Spine Part Length,0,,,,1,,100000056,560700000000,
Spine Part Length Neck,0,um,Spine,,Spine Part Length,0,,,,1,,100000057,570700000000,
Spine Part Length Neck,0,um,Spine,,Spine Part Length,0,,,,1,,100000059,590700000000,
Spine Part Length Neck,0,um,Spine,,Spine Part Length,0,,,,1,,100000061,610700000000,
Spine Part Length Neck,0,um,Spine,,Spine Part Length,0,,,,1,,100000063,630700000000,
Spine Part Length Neck,0,um,Spine,,Spine Part Length,0,,,,1,,100000065,650700000000,
Spine Part Length Neck,0,um,Spine,,Spine Part Length,0,,,,1,,100000067,670700000000,
Spine Part Length Neck,0,um,Spine,,Spine Part Length,0,,,,1,,100000068,680700000000,
Spine Part Length Neck,0,um,Spine,,Spine Part Length,0,,,,1,,100000069,690700000000,
Spine Part Length Neck,0,um,Spine,,Spine Part Length,0,,,,1,,100000071,710700000000,
Spine Part Length Neck,0,um,Spine,,Spine Part Length,0,,,,1,,100000073,730700000000,
Spine Part Length Neck,0,um,Spine,,Spine Part Length,0,,,,1,,100000075,750700000000,
Spine Part Length Neck,0,um,Spine,,Spine Part Length,0,,,,1,,100000077,770700000000,
Spine Part Length Neck,1.01927,um,Spine,,Spine Part Length,0,,,,1,,100000079,790700000000,
Spine Part Length Neck,0,um,Spine,,Spine Part Length,0,,,,1,,100000081,810700000000,
Spine Part Length Neck,0,um,Spine,,Spine Part Length,0,,,,1,,100000083,830700000000,
Spine Part Length Neck,0,um,Spine,,Spine Part Length,0,,,,1,,100000084,840700000000,
Spine Part Length Neck,0,um,Spine,,Spine Part Length,0,,,,1,,100000085,850700000000,
Spine Part Length Neck,0,um,Spine,,Spine Part Length,0,,,,1,,100000087,870700000000,
Spine Part Max Diameter Ground,0.703943,um,Spine,,Spine Part Max Diameter,0,,1,,1,,100000000,700000000,
Spine Part Max Diameter Ground,0.703943,um,Spine,,Spine Part Max Diameter,0,,1,,1,,100000000,700000001,
Spine Part Max Diameter Ground,0.224298,um,Spine,,Spine Part Max Diameter,0,,,,1,,100000001,10700000000,
Spine Part Max Diameter Ground,0.224298,um,Spine,,Spine Part Max Diameter,0,,,,1,,100000003,30700000000,
Spine Part Max Diameter Ground,0.224298,um,Spine,,Spine Part Max Diameter,0,,,,1,,100000005,50700000000,
Spine Part Max Diameter Ground,0.224298,um,Spine,,Spine Part Max Diameter,0,,,,1,,100000007,70700000000,
Spine Part Max Diameter Ground,0.246728,um,Spine,,Spine Part Max Diameter,0,,,,1,,100000010,100700000000,
Spine Part Max Diameter Ground,0.246728,um,Spine,,Spine Part Max Diameter,0,,,,1,,100000011,110700000000,
Spine Part Max Diameter Ground,0.703943,um,Spine,,Spine Part Max Diameter,0,,,,1,,100000012,120700000000,
Spine Part Max Diameter Ground,0.703943,um,Spine,,Spine Part Max Diameter,0,,,,1,,100000013,130700000000,
Spine Part Max Diameter Ground,0.703943,um,Spine,,Spine Part Max Diameter,0,,,,1,,100000014,140700000000,
Spine Part Max Diameter Ground,0.703943,um,Spine,,Spine Part Max Diameter,0,,,,1,,100000015,150700000000,
Spine Part Max Diameter Ground,0.703943,um,Spine,,Spine Part Max Diameter,0,,,,1,,100000016,160700000000,
Spine Part Max Diameter Ground,0.703943,um,Spine,,Spine Part Max Diameter,0,,,,1,,100000017,170700000000,
Spine Part Max Diameter Ground,0.703943,um,Spine,,Spine Part Max Diameter,0,,,,1,,100000019,190700000000,
Spine Part Max Diameter Ground,0.246728,um,Spine,,Spine Part Max Diameter,0,,,,1,,100000021,210700000000,
Spine Part Max Diameter Ground,0.246728,um,Spine,,Spine Part Max Diameter,0,,,,1,,100000023,230700000000,
Spine Part Max Diameter Ground,0.246728,um,Spine,,Spine Part Max Diameter,0,,,,1,,100000025,250700000000,
Spine Part Max Diameter Ground,0.246728,um,Spine,,Spine Part Max Diameter,0,,,,1,,100000027,270700000000,
Spine Part Max Diameter Ground,0.246728,um,Spine,,Spine Part Max Diameter,0,,,,1,,100000029,290700000000,
Spine Part Max Diameter Ground,0.246728,um,Spine,,Spine Part Max Diameter,0,,,,1,,100000031,310700000000,
Spine Part Max Diameter Ground,0.246728,um,Spine,,Spine Part Max Diameter,0,,,,1,,100000033,330700000000,
Spine Part Max Diameter Ground,0.246728,um,Spine,,Spine Part Max Diameter,0,,,,1,,100000035,350700000000,
Spine Part Max Diameter Ground,0.246728,um,Spine,,Spine Part Max Diameter,0,,,,1,,100000036,360700000000,
Spine Part Max Diameter Ground,0.246728,um,Spine,,Spine Part Max Diameter,0,,,,1,,100000037,370700000000,
Spine Part Max Diameter Ground,0.246728,um,Spine,,Spine Part Max Diameter,0,,,,1,,100000038,380700000000,
Spine Part Max Diameter Ground,0.246728,um,Spine,,Spine Part Max Diameter,0,,,,1,,100000039,390700000000,
Spine Part Max Diameter Ground,0.246728,um,Spine,,Spine Part Max Diameter,0,,,,1,,100000040,400700000000,
Spine Part Max Diameter Ground,0.246728,um,Spine,,Spine Part Max Diameter,0,,,,1,,100000041,410700000000,
Spine Part Max Diameter Ground,0.246728,um,Spine,,Spine Part Max Diameter,0,,,,1,,100000043,430700000000,
Spine Part Max Diameter Ground,0.246728,um,Spine,,Spine Part Max Diameter,0,,,,1,,100000045,450700000000,
Spine Part Max Diameter Ground,0.246728,um,Spine,,Spine Part Max Diameter,0,,,,1,,100000047,470700000000,
Spine Part Max Diameter Ground,0.246728,um,Spine,,Spine Part Max Diameter,0,,,,1,,100000048,480700000000,
Spine Part Max Diameter Ground,0.246728,um,Spine,,Spine Part Max Diameter,0,,,,1,,100000049,490700000000,
Spine Part Max Diameter Ground,0.246728,um,Spine,,Spine Part Max Diameter,0,,,,1,,100000051,510700000000,
Spine Part Max Diameter Ground,0.246728,um,Spine,,Spine Part Max Diameter,0,,,,1,,100000053,530700000000,
Spine Part Max Diameter Ground,0.246728,um,Spine,,Spine Part Max Diameter,0,,,,1,,100000055,550700000000,
Spine Part Max Diameter Ground,0.246728,um,Spine,,Spine Part Max Diameter,0,,,,1,,100000056,560700000000,
Spine Part Max Diameter Ground,0.246728,um,Spine,,Spine Part Max Diameter,0,,,,1,,100000057,570700000000,
Spine Part Max Diameter Ground,0.246728,um,Spine,,Spine Part Max Diameter,0,,,,1,,100000059,590700000000,
Spine Part Max Diameter Ground,0.246728,um,Spine,,Spine Part Max Diameter,0,,,,1,,100000061,610700000000,
Spine Part Max Diameter Ground,0.246728,um,Spine,,Spine Part Max Diameter,0,,,,1,,100000063,630700000000,
Spine Part Max Diameter Ground,0.246728,um,Spine,,Spine Part Max Diameter,0,,,,1,,100000065,650700000000,
Spine Part Max Diameter Ground,0.246728,um,Spine,,Spine Part Max Diameter,0,,,,1,,100000067,670700000000,
Spine Part Max Diameter Ground,0.246728,um,Spine,,Spine Part Max Diameter,0,,,,1,,100000068,680700000000,
Spine Part Max Diameter Ground,0.246728,um,Spine,,Spine Part Max Diameter,0,,,,1,,100000069,690700000000,
Spine Part Max Diameter Ground,0.246728,um,Spine,,Spine Part Max Diameter,0,,,,1,,100000071,710700000000,
Spine Part Max Diameter Ground,0.246728,um,Spine,,Spine Part Max Diameter,0,,,,1,,100000073,730700000000,
Spine Part Max Diameter Ground,0.246728,um,Spine,,Spine Part Max Diameter,0,,,,1,,100000075,750700000000,
Spine Part Max Diameter Ground,0.246728,um,Spine,,Spine Part Max Diameter,0,,,,1,,100000077,770700000000,
Spine Part Max Diameter Ground,0.246728,um,Spine,,Spine Part Max Diameter,0,,,,1,,100000079,790700000000,
Spine Part Max Diameter Ground,0.246728,um,Spine,,Spine Part Max Diameter,0,,,,1,,100000081,810700000000,
Spine Part Max Diameter Ground,0.246728,um,Spine,,Spine Part Max Diameter,0,,,,1,,100000083,830700000000,
Spine Part Max Diameter Ground,0.246728,um,Spine,,Spine Part Max Diameter,0,,,,1,,100000084,840700000000,
Spine Part Max Diameter Ground,0.246728,um,Spine,,Spine Part Max Diameter,0,,,,1,,100000085,850700000000,
Spine Part Max Diameter Ground,0.246728,um,Spine,,Spine Part Max Diameter,0,,,,1,,100000087,870700000000,
Spine Part Max Diameter Head,0.703943,um,Spine,,Spine Part Max Diameter,0,,1,,1,,100000000,700000000,
Spine Part Max Diameter Head,0.703943,um,Spine,,Spine Part Max Diameter,0,,1,,1,,100000000,700000001,
Spine Part Max Diameter Head,0.224298,um,Spine,,Spine Part Max Diameter,0,,,,1,,100000001,10700000000,
Spine Part Max Diameter Head,0.224298,um,Spine,,Spine Part Max Diameter,0,,,,1,,100000003,30700000000,
Spine Part Max Diameter Head,0.224298,um,Spine,,Spine Part Max Diameter,0,,,,1,,100000005,50700000000,
Spine Part Max Diameter Head,0.224298,um,Spine,,Spine Part Max Diameter,0,,,,1,,100000007,70700000000,
Spine Part Max Diameter Head,0.246728,um,Spine,,Spine Part Max Diameter,0,,,,1,,100000010,100700000000,
Spine Part Max Diameter Head,0.246728,um,Spine,,Spine Part Max Diameter,0,,,,1,,100000011,110700000000,
Spine Part Max Diameter Head,0.703943,um,Spine,,Spine Part Max Diameter,0,,,,1,,100000012,120700000000,
Spine Part Max Diameter Head,0.703943,um,Spine,,Spine Part Max Diameter,0,,,,1,,100000013,130700000000,
Spine Part Max Diameter Head,0.703943,um,Spine,,Spine Part Max Diameter,0,,,,1,,100000014,140700000000,
Spine Part Max Diameter Head,0.703943,um,Spine,,Spine Part Max Diameter,0,,,,1,,100000015,150700000000,
Spine Part Max Diameter Head,0.703943,um,Spine,,Spine Part Max Diameter,0,,,,1,,100000016,160700000000,
Spine Part Max Diameter Head,0.703943,um,Spine,,Spine Part Max Diameter,0,,,,1,,100000017,170700000000,
Spine Part Max Diameter Head,0.703943,um,Spine,,Spine Part Max Diameter,0,,,,1,,100000019,190700000000,
Spine Part Max Diameter Head,0.246728,um,Spine,,Spine Part Max Diameter,0,,,,1,,100000021,210700000000,
Spine Part Max Diameter Head,0.246728,um,Spine,,Spine Part Max Diameter,0,,,,1,,100000023,230700000000,
Spine Part Max Diameter Head,0.246728,um,Spine,,Spine Part Max Diameter,0,,,,1,,100000025,250700000000,
Spine Part Max Diameter Head,0.246728,um,Spine,,Spine Part Max Diameter,0,,,,1,,100000027,270700000000,
Spine Part Max Diameter Head,0.246728,um,Spine,,Spine Part Max Diameter,0,,,,1,,100000029,290700000000,
Spine Part Max Diameter Head,0.246728,um,Spine,,Spine Part Max Diameter,0,,,,1,,100000031,310700000000,
Spine Part Max Diameter Head,0.246728,um,Spine,,Spine Part Max Diameter,0,,,,1,,100000033,330700000000,
Spine Part Max Diameter Head,0.246728,um,Spine,,Spine Part Max Diameter,0,,,,1,,100000035,350700000000,
Spine Part Max Diameter Head,0.246728,um,Spine,,Spine Part Max Diameter,0,,,,1,,100000036,360700000000,
Spine Part Max Diameter Head,0.246728,um,Spine,,Spine Part Max Diameter,0,,,,1,,100000037,370700000000,
Spine Part Max Diameter Head,0.246728,um,Spine,,Spine Part Max Diameter,0,,,,1,,100000038,380700000000,
Spine Part Max Diameter Head,0.246728,um,Spine,,Spine Part Max Diameter,0,,,,1,,100000039,390700000000,
Spine Part Max Diameter Head,0.246728,um,Spine,,Spine Part Max Diameter,0,,,,1,,100000040,400700000000,
Spine Part Max Diameter Head,0.246728,um,Spine,,Spine Part Max Diameter,0,,,,1,,100000041,410700000000,
Spine Part Max Diameter Head,0.246728,um,Spine,,Spine Part Max Diameter,0,,,,1,,100000043,430700000000,
Spine Part Max Diameter Head,0.246728,um,Spine,,Spine Part Max Diameter,0,,,,1,,100000045,450700000000,
Spine Part Max Diameter Head,0.246728,um,Spine,,Spine Part Max Diameter,0,,,,1,,100000047,470700000000,
Spine Part Max Diameter Head,0.246728,um,Spine,,Spine Part Max Diameter,0,,,,1,,100000048,480700000000,
Spine Part Max Diameter Head,0.246728,um,Spine,,Spine Part Max Diameter,0,,,,1,,100000049,490700000000,
Spine Part Max Diameter Head,0.246728,um,Spine,,Spine Part Max Diameter,0,,,,1,,100000051,510700000000,
Spine Part Max Diameter Head,0.246728,um,Spine,,Spine Part Max Diameter,0,,,,1,,100000053,530700000000,
Spine Part Max Diameter Head,0.246728,um,Spine,,Spine Part Max Diameter,0,,,,1,,100000055,550700000000,
Spine Part Max Diameter Head,0.246728,um,Spine,,Spine Part Max Diameter,0,,,,1,,100000056,560700000000,
Spine Part Max Diameter Head,0.246728,um,Spine,,Spine Part Max Diameter,0,,,,1,,100000057,570700000000,
Spine Part Max Diameter Head,0.246728,um,Spine,,Spine Part Max Diameter,0,,,,1,,100000059,590700000000,
Spine Part Max Diameter Head,0.246728,um,Spine,,Spine Part Max Diameter,0,,,,1,,100000061,610700000000,
Spine Part Max Diameter Head,0.246728,um,Spine,,Spine Part Max Diameter,0,,,,1,,100000063,630700000000,
Spine Part Max Diameter Head,0.246728,um,Spine,,Spine Part Max Diameter,0,,,,1,,100000065,650700000000,
Spine Part Max Diameter Head,0.246728,um,Spine,,Spine Part Max Diameter,0,,,,1,,100000067,670700000000,
Spine Part Max Diameter Head,0.246728,um,Spine,,Spine Part Max Diameter,0,,,,1,,100000068,680700000000,
Spine Part Max Diameter Head,0.246728,um,Spine,,Spine Part Max Diameter,0,,,,1,,100000069,690700000000,
Spine Part Max Diameter Head,0.246728,um,Spine,,Spine Part Max Diameter,0,,,,1,,100000071,710700000000,
Spine Part Max Diameter Head,0.246728,um,Spine,,Spine Part Max Diameter,0,,,,1,,100000073,730700000000,
Spine Part Max Diameter Head,0.246728,um,Spine,,Spine Part Max Diameter,0,,,,1,,100000075,750700000000,
Spine Part Max Diameter Head,0.246728,um,Spine,,Spine Part Max Diameter,0,,,,1,,100000077,770700000000,
Spine Part Max Diameter Head,0.246728,um,Spine,,Spine Part Max Diameter,0,,,,1,,100000079,790700000000,
Spine Part Max Diameter Head,0.246728,um,Spine,,Spine Part Max Diameter,0,,,,1,,100000081,810700000000,
Spine Part Max Diameter Head,0.246728,um,Spine,,Spine Part Max Diameter,0,,,,1,,100000083,830700000000,
Spine Part Max Diameter Head,0.246728,um,Spine,,Spine Part Max Diameter,0,,,,1,,100000084,840700000000,
Spine Part Max Diameter Head,0.246728,um,Spine,,Spine Part Max Diameter,0,,,,1,,100000085,850700000000,
Spine Part Max Diameter Head,0.246728,um,Spine,,Spine Part Max Diameter,0,,,,1,,100000087,870700000000,
Spine Part Max Diameter Neck,0,um,Spine,,Spine Part Max Diameter,0,,1,,1,,100000000,700000000,
Spine Part Max Diameter Neck,0,um,Spine,,Spine Part Max Diameter,0,,1,,1,,100000000,700000001,
Spine Part Max Diameter Neck,0,um,Spine,,Spine Part Max Diameter,0,,,,1,,100000001,10700000000,
Spine Part Max Diameter Neck,0,um,Spine,,Spine Part Max Diameter,0,,,,1,,100000003,30700000000,
Spine Part Max Diameter Neck,0,um,Spine,,Spine Part Max Diameter,0,,,,1,,100000005,50700000000,
Spine Part Max Diameter Neck,0.224298,um,Spine,,Spine Part Max Diameter,0,,,,1,,100000007,70700000000,
Spine Part Max Diameter Neck,0.246728,um,Spine,,Spine Part Max Diameter,0,,,,1,,100000010,100700000000,
Spine Part Max Diameter Neck,0,um,Spine,,Spine Part Max Diameter,0,,,,1,,100000011,110700000000,
Spine Part Max Diameter Neck,0,um,Spine,,Spine Part Max Diameter,0,,,,1,,100000012,120700000000,
Spine Part Max Diameter Neck,0,um,Spine,,Spine Part Max Diameter,0,,,,1,,100000013,130700000000,
Spine Part Max Diameter Neck,0,um,Spine,,Spine Part Max Diameter,0,,,,1,,100000014,140700000000,
Spine Part Max Diameter Neck,0,um,Spine,,Spine Part Max Diameter,0,,,,1,,100000015,150700000000,
Spine Part Max Diameter Neck,0,um,Spine,,Spine Part Max Diameter,0,,,,1,,100000016,160700000000,
Spine Part Max Diameter Neck,0,um,Spine,,Spine Part Max Diameter,0,,,,1,,100000017,170700000000,
Spine Part Max Diameter Neck,0,um,Spine,,Spine Part Max Diameter,0,,,,1,,100000019,190700000000,
Spine Part Max Diameter Neck,0,um,Spine,,Spine Part Max Diameter,0,,,,1,,100000021,210700000000,
Spine Part Max Diameter Neck,0,um,Spine,,Spine Part Max Diameter,0,,,,1,,100000023,230700000000,
Spine Part Max Diameter Neck,0,um,Spine,,Spine Part Max Diameter,0,,,,1,,100000025,250700000000,
Spine Part Max Diameter Neck,0,um,Spine,,Spine Part Max Diameter,0,,,,1,,100000027,270700000000,
Spine Part Max Diameter Neck,0,um,Spine,,Spine Part Max Diameter,0,,,,1,,100000029,290700000000,
Spine Part Max Diameter Neck,0.246728,um,Spine,,Spine Part Max Diameter,0,,,,1,,100000031,310700000000,
Spine Part Max Diameter Neck,0,um,Spine,,Spine Part Max Diameter,0,,,,1,,100000033,330700000000,
Spine Part Max Diameter Neck,0.246728,um,Spine,,Spine Part Max Diameter,0,,,,1,,100000035,350700000000,
Spine Part Max Diameter Neck,0,um,Spine,,Spine Part Max Diameter,0,,,,1,,100000036,360700000000,
Spine Part Max Diameter Neck,0.246728,um,Spine,,Spine Part Max Diameter,0,,,,1,,100000037,370700000000,
Spine Part Max Diameter Neck,0,um,Spine,,Spine Part Max Diameter,0,,,,1,,100000038,380700000000,
Spine Part Max Diameter Neck,0.246728,um,Spine,,Spine Part Max Diameter,0,,,,1,,100000039,390700000000,
Spine Part Max Diameter Neck,0,um,Spine,,Spine Part Max Diameter,0,,,,1,,100000040,400700000000,
Spine Part Max Diameter Neck,0,um,Spine,,Spine Part Max Diameter,0,,,,1,,100000041,410700000000,
Spine Part Max Diameter Neck,0,um,Spine,,Spine Part Max Diameter,0,,,,1,,100000043,430700000000,
Spine Part Max Diameter Neck,0,um,Spine,,Spine Part Max Diameter,0,,,,1,,100000045,450700000000,
Spine Part Max Diameter Neck,0.246728,um,Spine,,Spine Part Max Diameter,0,,,,1,,100000047,470700000000,
Spine Part Max Diameter Neck,0,um,Spine,,Spine Part Max Diameter,0,,,,1,,100000048,480700000000,
Spine Part Max Diameter Neck,0,um,Spine,,Spine Part Max Diameter,0,,,,1,,100000049,490700000000,
Spine Part Max Diameter Neck,0,um,Spine,,Spine Part Max Diameter,0,,,,1,,100000051,510700000000,
Spine Part Max Diameter Neck,0,um,Spine,,Spine Part Max Diameter,0,,,,1,,100000053,530700000000,
Spine Part Max Diameter Neck,0.246728,um,Spine,,Spine Part Max Diameter,0,,,,1,,100000055,550700000000,
Spine Part Max Diameter Neck,0,um,Spine,,Spine Part Max Diameter,0,,,,1,,100000056,560700000000,
Spine Part Max Diameter Neck,0,um,Spine,,Spine Part Max Diameter,0,,,,1,,100000057,570700000000,
Spine Part Max Diameter Neck,0,um,Spine,,Spine Part Max Diameter,0,,,,1,,100000059,590700000000,
Spine Part Max Diameter Neck,0,um,Spine,,Spine Part Max Diameter,0,,,,1,,100000061,610700000000,
Spine Part Max Diameter Neck,0,um,Spine,,Spine Part Max Diameter,0,,,,1,,100000063,630700000000,
Spine Part Max Diameter Neck,0,um,Spine,,Spine Part Max Diameter,0,,,,1,,100000065,650700000000,
Spine Part Max Diameter Neck,0,um,Spine,,Spine Part Max Diameter,0,,,,1,,100000067,670700000000,
Spine Part Max Diameter Neck,0,um,Spine,,Spine Part Max Diameter,0,,,,1,,100000068,680700000000,
Spine Part Max Diameter Neck,0,um,Spine,,Spine Part Max Diameter,0,,,,1,,100000069,690700000000,
Spine Part Max Diameter Neck,0,um,Spine,,Spine Part Max Diameter,0,,,,1,,100000071,710700000000,
Spine Part Max Diameter Neck,0,um,Spine,,Spine Part Max Diameter,0,,,,1,,100000073,730700000000,
Spine Part Max Diameter Neck,0,um,Spine,,Spine Part Max Diameter,0,,,,1,,100000075,750700000000,
Spine Part Max Diameter Neck,0,um,Spine,,Spine Part Max Diameter,0,,,,1,,100000077,770700000000,
Spine Part Max Diameter Neck,0.246728,um,Spine,,Spine Part Max Diameter,0,,,,1,,100000079,790700000000,
Spine Part Max Diameter Neck,0,um,Spine,,Spine Part Max Diameter,0,,,,1,,100000081,810700000000,
Spine Part Max Diameter Neck,0,um,Spine,,Spine Part Max Diameter,0,,,,1,,100000083,830700000000,
Spine Part Max Diameter Neck,0,um,Spine,,Spine Part Max Diameter,0,,,,1,,100000084,840700000000,
Spine Part Max Diameter Neck,0,um,Spine,,Spine Part Max Diameter,0,,,,1,,100000085,850700000000,
Spine Part Max Diameter Neck,0,um,Spine,,Spine Part Max Diameter,0,,,,1,,100000087,870700000000,
Spine Part Mean Diameter Ground,0.703943,um,Spine,,Spine Part Mean Diameter,0,,1,,1,,100000000,700000000,
Spine Part Mean Diameter Ground,0.703943,um,Spine,,Spine Part Mean Diameter,0,,1,,1,,100000000,700000001,
Spine Part Mean Diameter Ground,0.224298,um,Spine,,Spine Part Mean Diameter,0,,,,1,,100000001,10700000000,
Spine Part Mean Diameter Ground,0.224298,um,Spine,,Spine Part Mean Diameter,0,,,,1,,100000003,30700000000,
Spine Part Mean Diameter Ground,0.224298,um,Spine,,Spine Part Mean Diameter,0,,,,1,,100000005,50700000000,
Spine Part Mean Diameter Ground,0.224298,um,Spine,,Spine Part Mean Diameter,0,,,,1,,100000007,70700000000,
Spine Part Mean Diameter Ground,0.246728,um,Spine,,Spine Part Mean Diameter,0,,,,1,,100000010,100700000000,
Spine Part Mean Diameter Ground,0.246728,um,Spine,,Spine Part Mean Diameter,0,,,,1,,100000011,110700000000,
Spine Part Mean Diameter Ground,0.703943,um,Spine,,Spine Part Mean Diameter,0,,,,1,,100000012,120700000000,
Spine Part Mean Diameter Ground,0.703943,um,Spine,,Spine Part Mean Diameter,0,,,,1,,100000013,130700000000,
Spine Part Mean Diameter Ground,0.703943,um,Spine,,Spine Part Mean Diameter,0,,,,1,,100000014,140700000000,
Spine Part Mean Diameter Ground,0.703943,um,Spine,,Spine Part Mean Diameter,0,,,,1,,100000015,150700000000,
Spine Part Mean Diameter Ground,0.703943,um,Spine,,Spine Part Mean Diameter,0,,,,1,,100000016,160700000000,
Spine Part Mean Diameter Ground,0.703943,um,Spine,,Spine Part Mean Diameter,0,,,,1,,100000017,170700000000,
Spine Part Mean Diameter Ground,0.703943,um,Spine,,Spine Part Mean Diameter,0,,,,1,,100000019,190700000000,
Spine Part Mean Diameter Ground,0.246728,um,Spine,,Spine Part Mean Diameter,0,,,,1,,100000021,210700000000,
Spine Part Mean Diameter Ground,0.246728,um,Spine,,Spine Part Mean Diameter,0,,,,1,,100000023,230700000000,
Spine Part Mean Diameter Ground,0.246728,um,Spine,,Spine Part Mean Diameter,0,,,,1,,100000025,250700000000,
Spine Part Mean Diameter Ground,0.246728,um,Spine,,Spine Part Mean Diameter,0,,,,1,,100000027,270700000000,
Spine Part Mean Diameter Ground,0.246728,um,Spine,,Spine Part Mean Diameter,0,,,,1,,100000029,290700000000,
Spine Part Mean Diameter Ground,0.246728,um,Spine,,Spine Part Mean Diameter,0,,,,1,,100000031,310700000000,
Spine Part Mean Diameter Ground,0.246728,um,Spine,,Spine Part Mean Diameter,0,,,,1,,100000033,330700000000,
Spine Part Mean Diameter Ground,0.246728,um,Spine,,Spine Part Mean Diameter,0,,,,1,,100000035,350700000000,
Spine Part Mean Diameter Ground,0.246728,um,Spine,,Spine Part Mean Diameter,0,,,,1,,100000036,360700000000,
Spine Part Mean Diameter Ground,0.246728,um,Spine,,Spine Part Mean Diameter,0,,,,1,,100000037,370700000000,
Spine Part Mean Diameter Ground,0.246728,um,Spine,,Spine Part Mean Diameter,0,,,,1,,100000038,380700000000,
Spine Part Mean Diameter Ground,0.246728,um,Spine,,Spine Part Mean Diameter,0,,,,1,,100000039,390700000000,
Spine Part Mean Diameter Ground,0.246728,um,Spine,,Spine Part Mean Diameter,0,,,,1,,100000040,400700000000,
Spine Part Mean Diameter Ground,0.246728,um,Spine,,Spine Part Mean Diameter,0,,,,1,,100000041,410700000000,
Spine Part Mean Diameter Ground,0.246728,um,Spine,,Spine Part Mean Diameter,0,,,,1,,100000043,430700000000,
Spine Part Mean Diameter Ground,0.246728,um,Spine,,Spine Part Mean Diameter,0,,,,1,,100000045,450700000000,
Spine Part Mean Diameter Ground,0.246728,um,Spine,,Spine Part Mean Diameter,0,,,,1,,100000047,470700000000,
Spine Part Mean Diameter Ground,0.246728,um,Spine,,Spine Part Mean Diameter,0,,,,1,,100000048,480700000000,
Spine Part Mean Diameter Ground,0.246728,um,Spine,,Spine Part Mean Diameter,0,,,,1,,100000049,490700000000,
Spine Part Mean Diameter Ground,0.246728,um,Spine,,Spine Part Mean Diameter,0,,,,1,,100000051,510700000000,
Spine Part Mean Diameter Ground,0.246728,um,Spine,,Spine Part Mean Diameter,0,,,,1,,100000053,530700000000,
Spine Part Mean Diameter Ground,0.246728,um,Spine,,Spine Part Mean Diameter,0,,,,1,,100000055,550700000000,
Spine Part Mean Diameter Ground,0.246728,um,Spine,,Spine Part Mean Diameter,0,,,,1,,100000056,560700000000,
Spine Part Mean Diameter Ground,0.246728,um,Spine,,Spine Part Mean Diameter,0,,,,1,,100000057,570700000000,
Spine Part Mean Diameter Ground,0.246728,um,Spine,,Spine Part Mean Diameter,0,,,,1,,100000059,590700000000,
Spine Part Mean Diameter Ground,0.246728,um,Spine,,Spine Part Mean Diameter,0,,,,1,,100000061,610700000000,
Spine Part Mean Diameter Ground,0.246728,um,Spine,,Spine Part Mean Diameter,0,,,,1,,100000063,630700000000,
Spine Part Mean Diameter Ground,0.246728,um,Spine,,Spine Part Mean Diameter,0,,,,1,,100000065,650700000000,
Spine Part Mean Diameter Ground,0.246728,um,Spine,,Spine Part Mean Diameter,0,,,,1,,100000067,670700000000,
Spine Part Mean Diameter Ground,0.246728,um,Spine,,Spine Part Mean Diameter,0,,,,1,,100000068,680700000000,
Spine Part Mean Diameter Ground,0.246728,um,Spine,,Spine Part Mean Diameter,0,,,,1,,100000069,690700000000,
Spine Part Mean Diameter Ground,0.246728,um,Spine,,Spine Part Mean Diameter,0,,,,1,,100000071,710700000000,
Spine Part Mean Diameter Ground,0.246728,um,Spine,,Spine Part Mean Diameter,0,,,,1,,100000073,730700000000,
Spine Part Mean Diameter Ground,0.246728,um,Spine,,Spine Part Mean Diameter,0,,,,1,,100000075,750700000000,
Spine Part Mean Diameter Ground,0.246728,um,Spine,,Spine Part Mean Diameter,0,,,,1,,100000077,770700000000,
Spine Part Mean Diameter Ground,0.246728,um,Spine,,Spine Part Mean Diameter,0,,,,1,,100000079,790700000000,
Spine Part Mean Diameter Ground,0.246728,um,Spine,,Spine Part Mean Diameter,0,,,,1,,100000081,810700000000,
Spine Part Mean Diameter Ground,0.246728,um,Spine,,Spine Part Mean Diameter,0,,,,1,,100000083,830700000000,
Spine Part Mean Diameter Ground,0.246728,um,Spine,,Spine Part Mean Diameter,0,,,,1,,100000084,840700000000,
Spine Part Mean Diameter Ground,0.246728,um,Spine,,Spine Part Mean Diameter,0,,,,1,,100000085,850700000000,
Spine Part Mean Diameter Ground,0.246728,um,Spine,,Spine Part Mean Diameter,0,,,,1,,100000087,870700000000,
Spine Part Mean Diameter Head,0.703943,um,Spine,,Spine Part Mean Diameter,0,,1,,1,,100000000,700000000,
Spine Part Mean Diameter Head,0.703943,um,Spine,,Spine Part Mean Diameter,0,,1,,1,,100000000,700000001,
Spine Part Mean Diameter Head,0.224298,um,Spine,,Spine Part Mean Diameter,0,,,,1,,100000001,10700000000,
Spine Part Mean Diameter Head,0.224298,um,Spine,,Spine Part Mean Diameter,0,,,,1,,100000003,30700000000,
Spine Part Mean Diameter Head,0.224298,um,Spine,,Spine Part Mean Diameter,0,,,,1,,100000005,50700000000,
Spine Part Mean Diameter Head,0.224298,um,Spine,,Spine Part Mean Diameter,0,,,,1,,100000007,70700000000,
Spine Part Mean Diameter Head,0.246728,um,Spine,,Spine Part Mean Diameter,0,,,,1,,100000010,100700000000,
Spine Part Mean Diameter Head,0.246728,um,Spine,,Spine Part Mean Diameter,0,,,,1,,100000011,110700000000,
Spine Part Mean Diameter Head,0.703943,um,Spine,,Spine Part Mean Diameter,0,,,,1,,100000012,120700000000,
Spine Part Mean Diameter Head,0.703943,um,Spine,,Spine Part Mean Diameter,0,,,,1,,100000013,130700000000,
Spine Part Mean Diameter Head,0.703943,um,Spine,,Spine Part Mean Diameter,0,,,,1,,100000014,140700000000,
Spine Part Mean Diameter Head,0.703943,um,Spine,,Spine Part Mean Diameter,0,,,,1,,100000015,150700000000,
Spine Part Mean Diameter Head,0.703943,um,Spine,,Spine Part Mean Diameter,0,,,,1,,100000016,160700000000,
Spine Part Mean Diameter Head,0.703943,um,Spine,,Spine Part Mean Diameter,0,,,,1,,100000017,170700000000,
Spine Part Mean Diameter Head,0.703943,um,Spine,,Spine Part Mean Diameter,0,,,,1,,100000019,190700000000,
Spine Part Mean Diameter Head,0.246728,um,Spine,,Spine Part Mean Diameter,0,,,,1,,100000021,210700000000,
Spine Part Mean Diameter Head,0.246728,um,Spine,,Spine Part Mean Diameter,0,,,,1,,100000023,230700000000,
Spine Part Mean Diameter Head,0.246728,um,Spine,,Spine Part Mean Diameter,0,,,,1,,100000025,250700000000,
Spine Part Mean Diameter Head,0.246728,um,Spine,,Spine Part Mean Diameter,0,,,,1,,100000027,270700000000,
Spine Part Mean Diameter Head,0.246728,um,Spine,,Spine Part Mean Diameter,0,,,,1,,100000029,290700000000,
Spine Part Mean Diameter Head,0.246728,um,Spine,,Spine Part Mean Diameter,0,,,,1,,100000031,310700000000,
Spine Part Mean Diameter Head,0.246728,um,Spine,,Spine Part Mean Diameter,0,,,,1,,100000033,330700000000,
Spine Part Mean Diameter Head,0.246728,um,Spine,,Spine Part Mean Diameter,0,,,,1,,100000035,350700000000,
Spine Part Mean Diameter Head,0.246728,um,Spine,,Spine Part Mean Diameter,0,,,,1,,100000036,360700000000,
Spine Part Mean Diameter Head,0.246728,um,Spine,,Spine Part Mean Diameter,0,,,,1,,100000037,370700000000,
Spine Part Mean Diameter Head,0.246728,um,Spine,,Spine Part Mean Diameter,0,,,,1,,100000038,380700000000,
Spine Part Mean Diameter Head,0.246728,um,Spine,,Spine Part Mean Diameter,0,,,,1,,100000039,390700000000,
Spine Part Mean Diameter Head,0.246728,um,Spine,,Spine Part Mean Diameter,0,,,,1,,100000040,400700000000,
Spine Part Mean Diameter Head,0.246728,um,Spine,,Spine Part Mean Diameter,0,,,,1,,100000041,410700000000,
Spine Part Mean Diameter Head,0.246728,um,Spine,,Spine Part Mean Diameter,0,,,,1,,100000043,430700000000,
Spine Part Mean Diameter Head,0.246728,um,Spine,,Spine Part Mean Diameter,0,,,,1,,100000045,450700000000,
Spine Part Mean Diameter Head,0.246728,um,Spine,,Spine Part Mean Diameter,0,,,,1,,100000047,470700000000,
Spine Part Mean Diameter Head,0.246728,um,Spine,,Spine Part Mean Diameter,0,,,,1,,100000048,480700000000,
Spine Part Mean Diameter Head,0.246728,um,Spine,,Spine Part Mean Diameter,0,,,,1,,100000049,490700000000,
Spine Part Mean Diameter Head,0.246728,um,Spine,,Spine Part Mean Diameter,0,,,,1,,100000051,510700000000,
Spine Part Mean Diameter Head,0.246728,um,Spine,,Spine Part Mean Diameter,0,,,,1,,100000053,530700000000,
Spine Part Mean Diameter Head,0.246728,um,Spine,,Spine Part Mean Diameter,0,,,,1,,100000055,550700000000,
Spine Part Mean Diameter Head,0.246728,um,Spine,,Spine Part Mean Diameter,0,,,,1,,100000056,560700000000,
Spine Part Mean Diameter Head,0.246728,um,Spine,,Spine Part Mean Diameter,0,,,,1,,100000057,570700000000,
Spine Part Mean Diameter Head,0.246728,um,Spine,,Spine Part Mean Diameter,0,,,,1,,100000059,590700000000,
Spine Part Mean Diameter Head,0.246728,um,Spine,,Spine Part Mean Diameter,0,,,,1,,100000061,610700000000,
Spine Part Mean Diameter Head,0.246728,um,Spine,,Spine Part Mean Diameter,0,,,,1,,100000063,630700000000,
Spine Part Mean Diameter Head,0.246728,um,Spine,,Spine Part Mean Diameter,0,,,,1,,100000065,650700000000,
Spine Part Mean Diameter Head,0.246728,um,Spine,,Spine Part Mean Diameter,0,,,,1,,100000067,670700000000,
Spine Part Mean Diameter Head,0.246728,um,Spine,,Spine Part Mean Diameter,0,,,,1,,100000068,680700000000,
Spine Part Mean Diameter Head,0.246728,um,Spine,,Spine Part Mean Diameter,0,,,,1,,100000069,690700000000,
Spine Part Mean Diameter Head,0.246728,um,Spine,,Spine Part Mean Diameter,0,,,,1,,100000071,710700000000,
Spine Part Mean Diameter Head,0.246728,um,Spine,,Spine Part Mean Diameter,0,,,,1,,100000073,730700000000,
Spine Part Mean Diameter Head,0.246728,um,Spine,,Spine Part Mean Diameter,0,,,,1,,100000075,750700000000,
Spine Part Mean Diameter Head,0.246728,um,Spine,,Spine Part Mean Diameter,0,,,,1,,100000077,770700000000,
Spine Part Mean Diameter Head,0.246728,um,Spine,,Spine Part Mean Diameter,0,,,,1,,100000079,790700000000,
Spine Part Mean Diameter Head,0.246728,um,Spine,,Spine Part Mean Diameter,0,,,,1,,100000081,810700000000,
Spine Part Mean Diameter Head,0.246728,um,Spine,,Spine Part Mean Diameter,0,,,,1,,100000083,830700000000,
Spine Part Mean Diameter Head,0.246728,um,Spine,,Spine Part Mean Diameter,0,,,,1,,100000084,840700000000,
Spine Part Mean Diameter Head,0.246728,um,Spine,,Spine Part Mean Diameter,0,,,,1,,100000085,850700000000,
Spine Part Mean Diameter Head,0.246728,um,Spine,,Spine Part Mean Diameter,0,,,,1,,100000087,870700000000,
Spine Part Mean Diameter Neck,0,um,Spine,,Spine Part Mean Diameter,0,,1,,1,,100000000,700000000,
Spine Part Mean Diameter Neck,0,um,Spine,,Spine Part Mean Diameter,0,,1,,1,,100000000,700000001,
Spine Part Mean Diameter Neck,0,um,Spine,,Spine Part Mean Diameter,0,,,,1,,100000001,10700000000,
Spine Part Mean Diameter Neck,0,um,Spine,,Spine Part Mean Diameter,0,,,,1,,100000003,30700000000,
Spine Part Mean Diameter Neck,0,um,Spine,,Spine Part Mean Diameter,0,,,,1,,100000005,50700000000,
Spine Part Mean Diameter Neck,0.224298,um,Spine,,Spine Part Mean Diameter,0,,,,1,,100000007,70700000000,
Spine Part Mean Diameter Neck,0.246728,um,Spine,,Spine Part Mean Diameter,0,,,,1,,100000010,100700000000,
Spine Part Mean Diameter Neck,0,um,Spine,,Spine Part Mean Diameter,0,,,,1,,100000011,110700000000,
Spine Part Mean Diameter Neck,0,um,Spine,,Spine Part Mean Diameter,0,,,,1,,100000012,120700000000,
Spine Part Mean Diameter Neck,0,um,Spine,,Spine Part Mean Diameter,0,,,,1,,100000013,130700000000,
Spine Part Mean Diameter Neck,0,um,Spine,,Spine Part Mean Diameter,0,,,,1,,100000014,140700000000,
Spine Part Mean Diameter Neck,0,um,Spine,,Spine Part Mean Diameter,0,,,,1,,100000015,150700000000,
Spine Part Mean Diameter Neck,0,um,Spine,,Spine Part Mean Diameter,0,,,,1,,100000016,160700000000,
Spine Part Mean Diameter Neck,0,um,Spine,,Spine Part Mean Diameter,0,,,,1,,100000017,170700000000,
Spine Part Mean Diameter Neck,0,um,Spine,,Spine Part Mean Diameter,0,,,,1,,100000019,190700000000,
Spine Part Mean Diameter Neck,0,um,Spine,,Spine Part Mean Diameter,0,,,,1,,100000021,210700000000,
Spine Part Mean Diameter Neck,0,um,Spine,,Spine Part Mean Diameter,0,,,,1,,100000023,230700000000,
Spine Part Mean Diameter Neck,0,um,Spine,,Spine Part Mean Diameter,0,,,,1,,100000025,250700000000,
Spine Part Mean Diameter Neck,0,um,Spine,,Spine Part Mean Diameter,0,,,,1,,100000027,270700000000,
Spine Part Mean Diameter Neck,0,um,Spine,,Spine Part Mean Diameter,0,,,,1,,100000029,290700000000,
Spine Part Mean Diameter Neck,0.246728,um,Spine,,Spine Part Mean Diameter,0,,,,1,,100000031,310700000000,
Spine Part Mean Diameter Neck,0,um,Spine,,Spine Part Mean Diameter,0,,,,1,,100000033,330700000000,
Spine Part Mean Diameter Neck,0.246728,um,Spine,,Spine Part Mean Diameter,0,,,,1,,100000035,350700000000,
Spine Part Mean Diameter Neck,0,um,Spine,,Spine Part Mean Diameter,0,,,,1,,100000036,360700000000,
Spine Part Mean Diameter Neck,0.246728,um,Spine,,Spine Part Mean Diameter,0,,,,1,,100000037,370700000000,
Spine Part Mean Diameter Neck,0,um,Spine,,Spine Part Mean Diameter,0,,,,1,,100000038,380700000000,
Spine Part Mean Diameter Neck,0.246728,um,Spine,,Spine Part Mean Diameter,0,,,,1,,100000039,390700000000,
Spine Part Mean Diameter Neck,0,um,Spine,,Spine Part Mean Diameter,0,,,,1,,100000040,400700000000,
Spine Part Mean Diameter Neck,0,um,Spine,,Spine Part Mean Diameter,0,,,,1,,100000041,410700000000,
Spine Part Mean Diameter Neck,0,um,Spine,,Spine Part Mean Diameter,0,,,,1,,100000043,430700000000,
Spine Part Mean Diameter Neck,0,um,Spine,,Spine Part Mean Diameter,0,,,,1,,100000045,450700000000,
Spine Part Mean Diameter Neck,0.246728,um,Spine,,Spine Part Mean Diameter,0,,,,1,,100000047,470700000000,
Spine Part Mean Diameter Neck,0,um,Spine,,Spine Part Mean Diameter,0,,,,1,,100000048,480700000000,
Spine Part Mean Diameter Neck,0,um,Spine,,Spine Part Mean Diameter,0,,,,1,,100000049,490700000000,
Spine Part Mean Diameter Neck,0,um,Spine,,Spine Part Mean Diameter,0,,,,1,,100000051,510700000000,
Spine Part Mean Diameter Neck,0,um,Spine,,Spine Part Mean Diameter,0,,,,1,,100000053,530700000000,
Spine Part Mean Diameter Neck,0.246728,um,Spine,,Spine Part Mean Diameter,0,,,,1,,100000055,550700000000,
Spine Part Mean Diameter Neck,0,um,Spine,,Spine Part Mean Diameter,0,,,,1,,100000056,560700000000,
Spine Part Mean Diameter Neck,0,um,Spine,,Spine Part Mean Diameter,0,,,,1,,100000057,570700000000,
Spine Part Mean Diameter Neck,0,um,Spine,,Spine Part Mean Diameter,0,,,,1,,100000059,590700000000,
Spine Part Mean Diameter Neck,0,um,Spine,,Spine Part Mean Diameter,0,,,,1,,100000061,610700000000,
Spine Part Mean Diameter Neck,0,um,Spine,,Spine Part Mean Diameter,0,,,,1,,100000063,630700000000,
Spine Part Mean Diameter Neck,0,um,Spine,,Spine Part Mean Diameter,0,,,,1,,100000065,650700000000,
Spine Part Mean Diameter Neck,0,um,Spine,,Spine Part Mean Diameter,0,,,,1,,100000067,670700000000,
Spine Part Mean Diameter Neck,0,um,Spine,,Spine Part Mean Diameter,0,,,,1,,100000068,680700000000,
Spine Part Mean Diameter Neck,0,um,Spine,,Spine Part Mean Diameter,0,,,,1,,100000069,690700000000,
Spine Part Mean Diameter Neck,0,um,Spine,,Spine Part Mean Diameter,0,,,,1,,100000071,710700000000,
Spine Part Mean Diameter Neck,0,um,Spine,,Spine Part Mean Diameter,0,,,,1,,100000073,730700000000,
Spine Part Mean Diameter Neck,0,um,Spine,,Spine Part Mean Diameter,0,,,,1,,100000075,750700000000,
Spine Part Mean Diameter Neck,0,um,Spine,,Spine Part Mean Diameter,0,,,,1,,100000077,770700000000,
Spine Part Mean Diameter Neck,0.246728,um,Spine,,Spine Part Mean Diameter,0,,,,1,,100000079,790700000000,
Spine Part Mean Diameter Neck,0,um,Spine,,Spine Part Mean Diameter,0,,,,1,,100000081,810700000000,
Spine Part Mean Diameter Neck,0,um,Spine,,Spine Part Mean Diameter,0,,,,1,,100000083,830700000000,
Spine Part Mean Diameter Neck,0,um,Spine,,Spine Part Mean Diameter,0,,,,1,,100000084,840700000000,
Spine Part Mean Diameter Neck,0,um,Spine,,Spine Part Mean Diameter,0,,,,1,,100000085,850700000000,
Spine Part Mean Diameter Neck,0,um,Spine,,Spine Part Mean Diameter,0,,,,1,,100000087,870700000000,
Spine Part Min Diameter Ground,0.703943,um,Spine,,Spine Part Min Diameter,0,,1,,1,,100000000,700000000,
Spine Part Min Diameter Ground,0.703943,um,Spine,,Spine Part Min Diameter,0,,1,,1,,100000000,700000001,
Spine Part Min Diameter Ground,0.224298,um,Spine,,Spine Part Min Diameter,0,,,,1,,100000001,10700000000,
Spine Part Min Diameter Ground,0.224298,um,Spine,,Spine Part Min Diameter,0,,,,1,,100000003,30700000000,
Spine Part Min Diameter Ground,0.224298,um,Spine,,Spine Part Min Diameter,0,,,,1,,100000005,50700000000,
Spine Part Min Diameter Ground,0.224298,um,Spine,,Spine Part Min Diameter,0,,,,1,,100000007,70700000000,
Spine Part Min Diameter Ground,0.246728,um,Spine,,Spine Part Min Diameter,0,,,,1,,100000010,100700000000,
Spine Part Min Diameter Ground,0.246728,um,Spine,,Spine Part Min Diameter,0,,,,1,,100000011,110700000000,
Spine Part Min Diameter Ground,0.703943,um,Spine,,Spine Part Min Diameter,0,,,,1,,100000012,120700000000,
Spine Part Min Diameter Ground,0.703943,um,Spine,,Spine Part Min Diameter,0,,,,1,,100000013,130700000000,
Spine Part Min Diameter Ground,0.703943,um,Spine,,Spine Part Min Diameter,0,,,,1,,100000014,140700000000,
Spine Part Min Diameter Ground,0.703943,um,Spine,,Spine Part Min Diameter,0,,,,1,,100000015,150700000000,
Spine Part Min Diameter Ground,0.703943,um,Spine,,Spine Part Min Diameter,0,,,,1,,100000016,160700000000,
Spine Part Min Diameter Ground,0.703943,um,Spine,,Spine Part Min Diameter,0,,,,1,,100000017,170700000000,
Spine Part Min Diameter Ground,0.703943,um,Spine,,Spine Part Min Diameter,0,,,,1,,100000019,190700000000,
Spine Part Min Diameter Ground,0.246728,um,Spine,,Spine Part Min Diameter,0,,,,1,,100000021,210700000000,
Spine Part Min Diameter Ground,0.246728,um,Spine,,Spine Part Min Diameter,0,,,,1,,100000023,230700000000,
Spine Part Min Diameter Ground,0.246728,um,Spine,,Spine Part Min Diameter,0,,,,1,,100000025,250700000000,
Spine Part Min Diameter Ground,0.246728,um,Spine,,Spine Part Min Diameter,0,,,,1,,100000027,270700000000,
Spine Part Min Diameter Ground,0.246728,um,Spine,,Spine Part Min Diameter,0,,,,1,,100000029,290700000000,
Spine Part Min Diameter Ground,0.246728,um,Spine,,Spine Part Min Diameter,0,,,,1,,100000031,310700000000,
Spine Part Min Diameter Ground,0.246728,um,Spine,,Spine Part Min Diameter,0,,,,1,,100000033,330700000000,
Spine Part Min Diameter Ground,0.246728,um,Spine,,Spine Part Min Diameter,0,,,,1,,100000035,350700000000,
Spine Part Min Diameter Ground,0.246728,um,Spine,,Spine Part Min Diameter,0,,,,1,,100000036,360700000000,
Spine Part Min Diameter Ground,0.246728,um,Spine,,Spine Part Min Diameter,0,,,,1,,100000037,370700000000,
Spine Part Min Diameter Ground,0.246728,um,Spine,,Spine Part Min Diameter,0,,,,1,,100000038,380700000000,
Spine Part Min Diameter Ground,0.246728,um,Spine,,Spine Part Min Diameter,0,,,,1,,100000039,390700000000,
Spine Part Min Diameter Ground,0.246728,um,Spine,,Spine Part Min Diameter,0,,,,1,,100000040,400700000000,
Spine Part Min Diameter Ground,0.246728,um,Spine,,Spine Part Min Diameter,0,,,,1,,100000041,410700000000,
Spine Part Min Diameter Ground,0.246728,um,Spine,,Spine Part Min Diameter,0,,,,1,,100000043,430700000000,
Spine Part Min Diameter Ground,0.246728,um,Spine,,Spine Part Min Diameter,0,,,,1,,100000045,450700000000,
Spine Part Min Diameter Ground,0.246728,um,Spine,,Spine Part Min Diameter,0,,,,1,,100000047,470700000000,
Spine Part Min Diameter Ground,0.246728,um,Spine,,Spine Part Min Diameter,0,,,,1,,100000048,480700000000,
Spine Part Min Diameter Ground,0.246728,um,Spine,,Spine Part Min Diameter,0,,,,1,,100000049,490700000000,
Spine Part Min Diameter Ground,0.246728,um,Spine,,Spine Part Min Diameter,0,,,,1,,100000051,510700000000,
Spine Part Min Diameter Ground,0.246728,um,Spine,,Spine Part Min Diameter,0,,,,1,,100000053,530700000000,
Spine Part Min Diameter Ground,0.246728,um,Spine,,Spine Part Min Diameter,0,,,,1,,100000055,550700000000,
Spine Part Min Diameter Ground,0.246728,um,Spine,,Spine Part Min Diameter,0,,,,1,,100000056,560700000000,
Spine Part Min Diameter Ground,0.246728,um,Spine,,Spine Part Min Diameter,0,,,,1,,100000057,570700000000,
Spine Part Min Diameter Ground,0.246728,um,Spine,,Spine Part Min Diameter,0,,,,1,,100000059,590700000000,
Spine Part Min Diameter Ground,0.246728,um,Spine,,Spine Part Min Diameter,0,,,,1,,100000061,610700000000,
Spine Part Min Diameter Ground,0.246728,um,Spine,,Spine Part Min Diameter,0,,,,1,,100000063,630700000000,
Spine Part Min Diameter Ground,0.246728,um,Spine,,Spine Part Min Diameter,0,,,,1,,100000065,650700000000,
Spine Part Min Diameter Ground,0.246728,um,Spine,,Spine Part Min Diameter,0,,,,1,,100000067,670700000000,
Spine Part Min Diameter Ground,0.246728,um,Spine,,Spine Part Min Diameter,0,,,,1,,100000068,680700000000,
Spine Part Min Diameter Ground,0.246728,um,Spine,,Spine Part Min Diameter,0,,,,1,,100000069,690700000000,
Spine Part Min Diameter Ground,0.246728,um,Spine,,Spine Part Min Diameter,0,,,,1,,100000071,710700000000,
Spine Part Min Diameter Ground,0.246728,um,Spine,,Spine Part Min Diameter,0,,,,1,,100000073,730700000000,
Spine Part Min Diameter Ground,0.246728,um,Spine,,Spine Part Min Diameter,0,,,,1,,100000075,750700000000,
Spine Part Min Diameter Ground,0.246728,um,Spine,,Spine Part Min Diameter,0,,,,1,,100000077,770700000000,
Spine Part Min Diameter Ground,0.246728,um,Spine,,Spine Part Min Diameter,0,,,,1,,100000079,790700000000,
Spine Part Min Diameter Ground,0.246728,um,Spine,,Spine Part Min Diameter,0,,,,1,,100000081,810700000000,
Spine Part Min Diameter Ground,0.246728,um,Spine,,Spine Part Min Diameter,0,,,,1,,100000083,830700000000,
Spine Part Min Diameter Ground,0.246728,um,Spine,,Spine Part Min Diameter,0,,,,1,,100000084,840700000000,
Spine Part Min Diameter Ground,0.246728,um,Spine,,Spine Part Min Diameter,0,,,,1,,100000085,850700000000,
Spine Part Min Diameter Ground,0.246728,um,Spine,,Spine Part Min Diameter,0,,,,1,,100000087,870700000000,
Spine Part Min Diameter Head,0.703943,um,Spine,,Spine Part Min Diameter,0,,1,,1,,100000000,700000000,
Spine Part Min Diameter Head,0.703943,um,Spine,,Spine Part Min Diameter,0,,1,,1,,100000000,700000001,
Spine Part Min Diameter Head,0.224298,um,Spine,,Spine Part Min Diameter,0,,,,1,,100000001,10700000000,
Spine Part Min Diameter Head,0.224298,um,Spine,,Spine Part Min Diameter,0,,,,1,,100000003,30700000000,
Spine Part Min Diameter Head,0.224298,um,Spine,,Spine Part Min Diameter,0,,,,1,,100000005,50700000000,
Spine Part Min Diameter Head,0.224298,um,Spine,,Spine Part Min Diameter,0,,,,1,,100000007,70700000000,
Spine Part Min Diameter Head,0.246728,um,Spine,,Spine Part Min Diameter,0,,,,1,,100000010,100700000000,
Spine Part Min Diameter Head,0.246728,um,Spine,,Spine Part Min Diameter,0,,,,1,,100000011,110700000000,
Spine Part Min Diameter Head,0.703943,um,Spine,,Spine Part Min Diameter,0,,,,1,,100000012,120700000000,
Spine Part Min Diameter Head,0.703943,um,Spine,,Spine Part Min Diameter,0,,,,1,,100000013,130700000000,
Spine Part Min Diameter Head,0.703943,um,Spine,,Spine Part Min Diameter,0,,,,1,,100000014,140700000000,
Spine Part Min Diameter Head,0.703943,um,Spine,,Spine Part Min Diameter,0,,,,1,,100000015,150700000000,
Spine Part Min Diameter Head,0.703943,um,Spine,,Spine Part Min Diameter,0,,,,1,,100000016,160700000000,
Spine Part Min Diameter Head,0.703943,um,Spine,,Spine Part Min Diameter,0,,,,1,,100000017,170700000000,
Spine Part Min Diameter Head,0.703943,um,Spine,,Spine Part Min Diameter,0,,,,1,,100000019,190700000000,
Spine Part Min Diameter Head,0.246728,um,Spine,,Spine Part Min Diameter,0,,,,1,,100000021,210700000000,
Spine Part Min Diameter Head,0.246728,um,Spine,,Spine Part Min Diameter,0,,,,1,,100000023,230700000000,
Spine Part Min Diameter Head,0.246728,um,Spine,,Spine Part Min Diameter,0,,,,1,,100000025,250700000000,
Spine Part Min Diameter Head,0.246728,um,Spine,,Spine Part Min Diameter,0,,,,1,,100000027,270700000000,
Spine Part Min Diameter Head,0.246728,um,Spine,,Spine Part Min Diameter,0,,,,1,,100000029,290700000000,
Spine Part Min Diameter Head,0.246728,um,Spine,,Spine Part Min Diameter,0,,,,1,,100000031,310700000000,
Spine Part Min Diameter Head,0.246728,um,Spine,,Spine Part Min Diameter,0,,,,1,,100000033,330700000000,
Spine Part Min Diameter Head,0.246728,um,Spine,,Spine Part Min Diameter,0,,,,1,,100000035,350700000000,
Spine Part Min Diameter Head,0.246728,um,Spine,,Spine Part Min Diameter,0,,,,1,,100000036,360700000000,
Spine Part Min Diameter Head,0.246728,um,Spine,,Spine Part Min Diameter,0,,,,1,,100000037,370700000000,
Spine Part Min Diameter Head,0.246728,um,Spine,,Spine Part Min Diameter,0,,,,1,,100000038,380700000000,
Spine Part Min Diameter Head,0.246728,um,Spine,,Spine Part Min Diameter,0,,,,1,,100000039,390700000000,
Spine Part Min Diameter Head,0.246728,um,Spine,,Spine Part Min Diameter,0,,,,1,,100000040,400700000000,
Spine Part Min Diameter Head,0.246728,um,Spine,,Spine Part Min Diameter,0,,,,1,,100000041,410700000000,
Spine Part Min Diameter Head,0.246728,um,Spine,,Spine Part Min Diameter,0,,,,1,,100000043,430700000000,
Spine Part Min Diameter Head,0.246728,um,Spine,,Spine Part Min Diameter,0,,,,1,,100000045,450700000000,
Spine Part Min Diameter Head,0.246728,um,Spine,,Spine Part Min Diameter,0,,,,1,,100000047,470700000000,
Spine Part Min Diameter Head,0.246728,um,Spine,,Spine Part Min Diameter,0,,,,1,,100000048,480700000000,
Spine Part Min Diameter Head,0.246728,um,Spine,,Spine Part Min Diameter,0,,,,1,,100000049,490700000000,
Spine Part Min Diameter Head,0.246728,um,Spine,,Spine Part Min Diameter,0,,,,1,,100000051,510700000000,
Spine Part Min Diameter Head,0.246728,um,Spine,,Spine Part Min Diameter,0,,,,1,,100000053,530700000000,
Spine Part Min Diameter Head,0.246728,um,Spine,,Spine Part Min Diameter,0,,,,1,,100000055,550700000000,
Spine Part Min Diameter Head,0.246728,um,Spine,,Spine Part Min Diameter,0,,,,1,,100000056,560700000000,
Spine Part Min Diameter Head,0.246728,um,Spine,,Spine Part Min Diameter,0,,,,1,,100000057,570700000000,
Spine Part Min Diameter Head,0.246728,um,Spine,,Spine Part Min Diameter,0,,,,1,,100000059,590700000000,
Spine Part Min Diameter Head,0.246728,um,Spine,,Spine Part Min Diameter,0,,,,1,,100000061,610700000000,
Spine Part Min Diameter Head,0.246728,um,Spine,,Spine Part Min Diameter,0,,,,1,,100000063,630700000000,
Spine Part Min Diameter Head,0.246728,um,Spine,,Spine Part Min Diameter,0,,,,1,,100000065,650700000000,
Spine Part Min Diameter Head,0.246728,um,Spine,,Spine Part Min Diameter,0,,,,1,,100000067,670700000000,
Spine Part Min Diameter Head,0.246728,um,Spine,,Spine Part Min Diameter,0,,,,1,,100000068,680700000000,
Spine Part Min Diameter Head,0.246728,um,Spine,,Spine Part Min Diameter,0,,,,1,,100000069,690700000000,
Spine Part Min Diameter Head,0.246728,um,Spine,,Spine Part Min Diameter,0,,,,1,,100000071,710700000000,
Spine Part Min Diameter Head,0.246728,um,Spine,,Spine Part Min Diameter,0,,,,1,,100000073,730700000000,
Spine Part Min Diameter Head,0.246728,um,Spine,,Spine Part Min Diameter,0,,,,1,,100000075,750700000000,
Spine Part Min Diameter Head,0.246728,um,Spine,,Spine Part Min Diameter,0,,,,1,,100000077,770700000000,
Spine Part Min Diameter Head,0.246728,um,Spine,,Spine Part Min Diameter,0,,,,1,,100000079,790700000000,
Spine Part Min Diameter Head,0.246728,um,Spine,,Spine Part Min Diameter,0,,,,1,,100000081,810700000000,
Spine Part Min Diameter Head,0.246728,um,Spine,,Spine Part Min Diameter,0,,,,1,,100000083,830700000000,
Spine Part Min Diameter Head,0.246728,um,Spine,,Spine Part Min Diameter,0,,,,1,,100000084,840700000000,
Spine Part Min Diameter Head,0.246728,um,Spine,,Spine Part Min Diameter,0,,,,1,,100000085,850700000000,
Spine Part Min Diameter Head,0.246728,um,Spine,,Spine Part Min Diameter,0,,,,1,,100000087,870700000000,
Spine Part Min Diameter Neck,0,um,Spine,,Spine Part Min Diameter,0,,1,,1,,100000000,700000000,
Spine Part Min Diameter Neck,0,um,Spine,,Spine Part Min Diameter,0,,1,,1,,100000000,700000001,
Spine Part Min Diameter Neck,0,um,Spine,,Spine Part Min Diameter,0,,,,1,,100000001,10700000000,
Spine Part Min Diameter Neck,0,um,Spine,,Spine Part Min Diameter,0,,,,1,,100000003,30700000000,
Spine Part Min Diameter Neck,0,um,Spine,,Spine Part Min Diameter,0,,,,1,,100000005,50700000000,
Spine Part Min Diameter Neck,0.224298,um,Spine,,Spine Part Min Diameter,0,,,,1,,100000007,70700000000,
Spine Part Min Diameter Neck,0.246728,um,Spine,,Spine Part Min Diameter,0,,,,1,,100000010,100700000000,
Spine Part Min Diameter Neck,0,um,Spine,,Spine Part Min Diameter,0,,,,1,,100000011,110700000000,
Spine Part Min Diameter Neck,0,um,Spine,,Spine Part Min Diameter,0,,,,1,,100000012,120700000000,
Spine Part Min Diameter Neck,0,um,Spine,,Spine Part Min Diameter,0,,,,1,,100000013,130700000000,
Spine Part Min Diameter Neck,0,um,Spine,,Spine Part Min Diameter,0,,,,1,,100000014,140700000000,
Spine Part Min Diameter Neck,0,um,Spine,,Spine Part Min Diameter,0,,,,1,,100000015,150700000000,
Spine Part Min Diameter Neck,0,um,Spine,,Spine Part Min Diameter,0,,,,1,,100000016,160700000000,
Spine Part Min Diameter Neck,0,um,Spine,,Spine Part Min Diameter,0,,,,1,,100000017,170700000000,
Spine Part Min Diameter Neck,0,um,Spine,,Spine Part Min Diameter,0,,,,1,,100000019,190700000000,
Spine Part Min Diameter Neck,0,um,Spine,,Spine Part Min Diameter,0,,,,1,,100000021,210700000000,
Spine Part Min Diameter Neck,0,um,Spine,,Spine Part Min Diameter,0,,,,1,,100000023,230700000000,
Spine Part Min Diameter Neck,0,um,Spine,,Spine Part Min Diameter,0,,,,1,,100000025,250700000000,
Spine Part Min Diameter Neck,0,um,Spine,,Spine Part Min Diameter,0,,,,1,,100000027,270700000000,
Spine Part Min Diameter Neck,0,um,Spine,,Spine Part Min Diameter,0,,,,1,,100000029,290700000000,
Spine Part Min Diameter Neck,0.246728,um,Spine,,Spine Part Min Diameter,0,,,,1,,100000031,310700000000,
Spine Part Min Diameter Neck,0,um,Spine,,Spine Part Min Diameter,0,,,,1,,100000033,330700000000,
Spine Part Min Diameter Neck,0.246728,um,Spine,,Spine Part Min Diameter,0,,,,1,,100000035,350700000000,
Spine Part Min Diameter Neck,0,um,Spine,,Spine Part Min Diameter,0,,,,1,,100000036,360700000000,
Spine Part Min Diameter Neck,0.246728,um,Spine,,Spine Part Min Diameter,0,,,,1,,100000037,370700000000,
Spine Part Min Diameter Neck,0,um,Spine,,Spine Part Min Diameter,0,,,,1,,100000038,380700000000,
Spine Part Min Diameter Neck,0.246728,um,Spine,,Spine Part Min Diameter,0,,,,1,,100000039,390700000000,
Spine Part Min Diameter Neck,0,um,Spine,,Spine Part Min Diameter,0,,,,1,,100000040,400700000000,
Spine Part Min Diameter Neck,0,um,Spine,,Spine Part Min Diameter,0,,,,1,,100000041,410700000000,
Spine Part Min Diameter Neck,0,um,Spine,,Spine Part Min Diameter,0,,,,1,,100000043,430700000000,
Spine Part Min Diameter Neck,0,um,Spine,,Spine Part Min Diameter,0,,,,1,,100000045,450700000000,
Spine Part Min Diameter Neck,0.246728,um,Spine,,Spine Part Min Diameter,0,,,,1,,100000047,470700000000,
Spine Part Min Diameter Neck,0,um,Spine,,Spine Part Min Diameter,0,,,,1,,100000048,480700000000,
Spine Part Min Diameter Neck,0,um,Spine,,Spine Part Min Diameter,0,,,,1,,100000049,490700000000,
Spine Part Min Diameter Neck,0,um,Spine,,Spine Part Min Diameter,0,,,,1,,100000051,510700000000,
Spine Part Min Diameter Neck,0,um,Spine,,Spine Part Min Diameter,0,,,,1,,100000053,530700000000,
Spine Part Min Diameter Neck,0.246728,um,Spine,,Spine Part Min Diameter,0,,,,1,,100000055,550700000000,
Spine Part Min Diameter Neck,0,um,Spine,,Spine Part Min Diameter,0,,,,1,,100000056,560700000000,
Spine Part Min Diameter Neck,0,um,Spine,,Spine Part Min Diameter,0,,,,1,,100000057,570700000000,
Spine Part Min Diameter Neck,0,um,Spine,,Spine Part Min Diameter,0,,,,1,,100000059,590700000000,
Spine Part Min Diameter Neck,0,um,Spine,,Spine Part Min Diameter,0,,,,1,,100000061,610700000000,
Spine Part Min Diameter Neck,0,um,Spine,,Spine Part Min Diameter,0,,,,1,,100000063,630700000000,
Spine Part Min Diameter Neck,0,um,Spine,,Spine Part Min Diameter,0,,,,1,,100000065,650700000000,
Spine Part Min Diameter Neck,0,um,Spine,,Spine Part Min Diameter,0,,,,1,,100000067,670700000000,
Spine Part Min Diameter Neck,0,um,Spine,,Spine Part Min Diameter,0,,,,1,,100000068,680700000000,
Spine Part Min Diameter Neck,0,um,Spine,,Spine Part Min Diameter,0,,,,1,,100000069,690700000000,
Spine Part Min Diameter Neck,0,um,Spine,,Spine Part Min Diameter,0,,,,1,,100000071,710700000000,
Spine Part Min Diameter Neck,0,um,Spine,,Spine Part Min Diameter,0,,,,1,,100000073,730700000000,
Spine Part Min Diameter Neck,0,um,Spine,,Spine Part Min Diameter,0,,,,1,,100000075,750700000000,
Spine Part Min Diameter Neck,0,um,Spine,,Spine Part Min Diameter,0,,,,1,,100000077,770700000000,
Spine Part Min Diameter Neck,0.246728,um,Spine,,Spine Part Min Diameter,0,,,,1,,100000079,790700000000,
Spine Part Min Diameter Neck,0,um,Spine,,Spine Part Min Diameter,0,,,,1,,100000081,810700000000,
Spine Part Min Diameter Neck,0,um,Spine,,Spine Part Min Diameter,0,,,,1,,100000083,830700000000,
Spine Part Min Diameter Neck,0,um,Spine,,Spine Part Min Diameter,0,,,,1,,100000084,840700000000,
Spine Part Min Diameter Neck,0,um,Spine,,Spine Part Min Diameter,0,,,,1,,100000085,850700000000,
Spine Part Min Diameter Neck,0,um,Spine,,Spine Part Min Diameter,0,,,,1,,100000087,870700000000,
Spine Part Volume Ground,0.328949,um^3,Spine,,Spine Part Volume,0,,1,,1,,100000000,700000000,
Spine Part Volume Ground,0.941431,um^3,Spine,,Spine Part Volume,0,,1,,1,,100000000,700000001,
Spine Part Volume Ground,0.0786269,um^3,Spine,,Spine Part Volume,0,,,,1,,100000001,10700000000,
Spine Part Volume Ground,0.0458069,um^3,Spine,,Spine Part Volume,0,,,,1,,100000003,30700000000,
Spine Part Volume Ground,0.0469174,um^3,Spine,,Spine Part Volume,0,,,,1,,100000005,50700000000,
Spine Part Volume Ground,0.0773595,um^3,Spine,,Spine Part Volume,0,,,,1,,100000007,70700000000,
Spine Part Volume Ground,0.0922015,um^3,Spine,,Spine Part Volume,0,,,,1,,100000010,100700000000,
Spine Part Volume Ground,0.0603112,um^3,Spine,,Spine Part Volume,0,,,,1,,100000011,110700000000,
Spine Part Volume Ground,0.567226,um^3,Spine,,Spine Part Volume,0,,,,1,,100000012,120700000000,
Spine Part Volume Ground,0.491139,um^3,Spine,,Spine Part Volume,0,,,,1,,100000013,130700000000,
Spine Part Volume Ground,0.485698,um^3,Spine,,Spine Part Volume,0,,,,1,,100000014,140700000000,
Spine Part Volume Ground,0.85822,um^3,Spine,,Spine Part Volume,0,,,,1,,100000015,150700000000,
Spine Part Volume Ground,0.501096,um^3,Spine,,Spine Part Volume,0,,,,1,,100000016,160700000000,
Spine Part Volume Ground,0.860128,um^3,Spine,,Spine Part Volume,0,,,,1,,100000017,170700000000,
Spine Part Volume Ground,0.770886,um^3,Spine,,Spine Part Volume,0,,,,1,,100000019,190700000000,
Spine Part Volume Ground,0.059252,um^3,Spine,,Spine Part Volume,0,,,,1,,100000021,210700000000,
Spine Part Volume Ground,0.054271,um^3,Spine,,Spine Part Volume,0,,,,1,,100000023,230700000000,
Spine Part Volume Ground,0.101024,um^3,Spine,,Spine Part Volume,0,,,,1,,100000025,250700000000,
Spine Part Volume Ground,0.0569122,um^3,Spine,,Spine Part Volume,0,,,,1,,100000027,270700000000,
Spine Part Volume Ground,0.100299,um^3,Spine,,Spine Part Volume,0,,,,1,,100000029,290700000000,
Spine Part Volume Ground,0.094466,um^3,Spine,,Spine Part Volume,0,,,,1,,100000031,310700000000,
Spine Part Volume Ground,0.155275,um^3,Spine,,Spine Part Volume,0,,,,1,,100000033,330700000000,
Spine Part Volume Ground,0.0949588,um^3,Spine,,Spine Part Volume,0,,,,1,,100000035,350700000000,
Spine Part Volume Ground,0.0564087,um^3,Spine,,Spine Part Volume,0,,,,1,,100000036,360700000000,
Spine Part Volume Ground,0.105103,um^3,Spine,,Spine Part Volume,0,,,,1,,100000037,370700000000,
Spine Part Volume Ground,0.0550067,um^3,Spine,,Spine Part Volume,0,,,,1,,100000038,380700000000,
Spine Part Volume Ground,0.106613,um^3,Spine,,Spine Part Volume,0,,,,1,,100000039,390700000000,
Spine Part Volume Ground,0.106764,um^3,Spine,,Spine Part Volume,0,,,,1,,100000040,400700000000,
Spine Part Volume Ground,0.054184,um^3,Spine,,Spine Part Volume,0,,,,1,,100000041,410700000000,
Spine Part Volume Ground,0.0577305,um^3,Spine,,Spine Part Volume,0,,,,1,,100000043,430700000000,
Spine Part Volume Ground,0.0524141,um^3,Spine,,Spine Part Volume,0,,,,1,,100000045,450700000000,
Spine Part Volume Ground,0.105457,um^3,Spine,,Spine Part Volume,0,,,,1,,100000047,470700000000,
Spine Part Volume Ground,0.0533002,um^3,Spine,,Spine Part Volume,0,,,,1,,100000048,480700000000,
Spine Part Volume Ground,0.0756395,um^3,Spine,,Spine Part Volume,0,,,,1,,100000049,490700000000,
Spine Part Volume Ground,0.0578741,um^3,Spine,,Spine Part Volume,0,,,,1,,100000051,510700000000,
Spine Part Volume Ground,0.0547495,um^3,Spine,,Spine Part Volume,0,,,,1,,100000053,530700000000,
Spine Part Volume Ground,0.135251,um^3,Spine,,Spine Part Volume,0,,,,1,,100000055,550700000000,
Spine Part Volume Ground,0.0544841,um^3,Spine,,Spine Part Volume,0,,,,1,,100000056,560700000000,
Spine Part Volume Ground,0.101267,um^3,Spine,,Spine Part Volume,0,,,,1,,100000057,570700000000,
Spine Part Volume Ground,0.110448,um^3,Spine,,Spine Part Volume,0,,,,1,,100000059,590700000000,
Spine Part Volume Ground,0.101029,um^3,Spine,,Spine Part Volume,0,,,,1,,100000061,610700000000,
Spine Part Volume Ground,0.10256,um^3,Spine,,Spine Part Volume,0,,,,1,,100000063,630700000000,
Spine Part Volume Ground,0.101376,um^3,Spine,,Spine Part Volume,0,,,,1,,100000065,650700000000,
Spine Part Volume Ground,0.095118,um^3,Spine,,Spine Part Volume,0,,,,1,,100000067,670700000000,
Spine Part Volume Ground,0.0556863,um^3,Spine,,Spine Part Volume,0,,,,1,,100000068,680700000000,
Spine Part Volume Ground,0.0907645,um^3,Spine,,Spine Part Volume,0,,,,1,,100000069,690700000000,
Spine Part Volume Ground,0.104363,um^3,Spine,,Spine Part Volume,0,,,,1,,100000071,710700000000,
Spine Part Volume Ground,0.052993,um^3,Spine,,Spine Part Volume,0,,,,1,,100000073,730700000000,
Spine Part Volume Ground,0.0539428,um^3,Spine,,Spine Part Volume,0,,,,1,,100000075,750700000000,
Spine Part Volume Ground,0.0596878,um^3,Spine,,Spine Part Volume,0,,,,1,,100000077,770700000000,
Spine Part Volume Ground,0.101967,um^3,Spine,,Spine Part Volume,0,,,,1,,100000079,790700000000,
Spine Part Volume Ground,0.0551118,um^3,Spine,,Spine Part Volume,0,,,,1,,100000081,810700000000,
Spine Part Volume Ground,0.106583,um^3,Spine,,Spine Part Volume,0,,,,1,,100000083,830700000000,
Spine Part Volume Ground,0.0602395,um^3,Spine,,Spine Part Volume,0,,,,1,,100000084,840700000000,
Spine Part Volume Ground,0.0614152,um^3,Spine,,Spine Part Volume,0,,,,1,,100000085,850700000000,
Spine Part Volume Ground,0.0582406,um^3,Spine,,Spine Part Volume,0,,,,1,,100000087,870700000000,
Spine Part Volume Head,0.0913232,um^3,Spine,,Spine Part Volume,0,,1,,1,,100000000,700000000,
Spine Part Volume Head,0.506056,um^3,Spine,,Spine Part Volume,0,,1,,1,,100000000,700000001,
Spine Part Volume Head,0.00295423,um^3,Spine,,Spine Part Volume,0,,,,1,,100000001,10700000000,
Spine Part Volume Head,0.00295423,um^3,Spine,,Spine Part Volume,0,,,,1,,100000003,30700000000,
Spine Part Volume Head,0.00295423,um^3,Spine,,Spine Part Volume,0,,,,1,,100000005,50700000000,
Spine Part Volume Head,0.00295423,um^3,Spine,,Spine Part Volume,0,,,,1,,100000007,70700000000,
Spine Part Volume Head,0.00393208,um^3,Spine,,Spine Part Volume,0,,,,1,,100000010,100700000000,
Spine Part Volume Head,0.00393208,um^3,Spine,,Spine Part Volume,0,,,,1,,100000011,110700000000,
Spine Part Volume Head,0.0913232,um^3,Spine,,Spine Part Volume,0,,,,1,,100000012,120700000000,
Spine Part Volume Head,0.0913232,um^3,Spine,,Spine Part Volume,0,,,,1,,100000013,130700000000,
Spine Part Volume Head,0.0913232,um^3,Spine,,Spine Part Volume,0,,,,1,,100000014,140700000000,
Spine Part Volume Head,0.0913232,um^3,Spine,,Spine Part Volume,0,,,,1,,100000015,150700000000,
Spine Part Volume Head,0.0913232,um^3,Spine,,Spine Part Volume,0,,,,1,,100000016,160700000000,
Spine Part Volume Head,0.0913232,um^3,Spine,,Spine Part Volume,0,,,,1,,100000017,170700000000,
Spine Part Volume Head,0.0913232,um^3,Spine,,Spine Part Volume,0,,,,1,,100000019,190700000000,
Spine Part Volume Head,0.00393208,um^3,Spine,,Spine Part Volume,0,,,,1,,100000021,210700000000,
Spine Part Volume Head,0.00393208,um^3,Spine,,Spine Part Volume,0,,,,1,,100000023,230700000000,
Spine Part Volume Head,0.00393208,um^3,Spine,,Spine Part Volume,0,,,,1,,100000025,250700000000,
Spine Part Volume Head,0.00393208,um^3,Spine,,Spine Part Volume,0,,,,1,,100000027,270700000000,
Spine Part Volume Head,0.00393208,um^3,Spine,,Spine Part Volume,0,,,,1,,100000029,290700000000,
Spine Part Volume Head,0.00393208,um^3,Spine,,Spine Part Volume,0,,,,1,,100000031,310700000000,
Spine Part Volume Head,0.0535938,um^3,Spine,,Spine Part Volume,0,,,,1,,100000033,330700000000,
Spine Part Volume Head,0.00393208,um^3,Spine,,Spine Part Volume,0,,,,1,,100000035,350700000000,
Spine Part Volume Head,0.00393208,um^3,Spine,,Spine Part Volume,0,,,,1,,100000036,360700000000,
Spine Part Volume Head,0.00393208,um^3,Spine,,Spine Part Volume,0,,,,1,,100000037,370700000000,
Spine Part Volume Head,0.00393208,um^3,Spine,,Spine Part Volume,0,,,,1,,100000038,380700000000,
Spine Part Volume Head,0.00393208,um^3,Spine,,Spine Part Volume,0,,,,1,,100000039,390700000000,
Spine Part Volume Head,0.00393208,um^3,Spine,,Spine Part Volume,0,,,,1,,100000040,400700000000,
Spine Part Volume Head,0.00393208,um^3,Spine,,Spine Part Volume,0,,,,1,,100000041,410700000000,
Spine Part Volume Head,0.00393208,um^3,Spine,,Spine Part Volume,0,,,,1,,100000043,430700000000,
Spine Part Volume Head,0.00393208,um^3,Spine,,Spine Part Volume,0,,,,1,,100000045,450700000000,
Spine Part Volume Head,0.00393208,um^3,Spine,,Spine Part Volume,0,,,,1,,100000047,470700000000,
Spine Part Volume Head,0.00393208,um^3,Spine,,Spine Part Volume,0,,,,1,,100000048,480700000000,
Spine Part Volume Head,0.00393208,um^3,Spine,,Spine Part Volume,0,,,,1,,100000049,490700000000,
Spine Part Volume Head,0.00393208,um^3,Spine,,Spine Part Volume,0,,,,1,,100000051,510700000000,
Spine Part Volume Head,0.00393208,um^3,Spine,,Spine Part Volume,0,,,,1,,100000053,530700000000,
Spine Part Volume Head,0.0527569,um^3,Spine,,Spine Part Volume,0,,,,1,,100000055,550700000000,
Spine Part Volume Head,0.00393208,um^3,Spine,,Spine Part Volume,0,,,,1,,100000056,560700000000,
Spine Part Volume Head,0.00393208,um^3,Spine,,Spine Part Volume,0,,,,1,,100000057,570700000000,
Spine Part Volume Head,0.00393208,um^3,Spine,,Spine Part Volume,0,,,,1,,100000059,590700000000,
Spine Part Volume Head,0.00393208,um^3,Spine,,Spine Part Volume,0,,,,1,,100000061,610700000000,
Spine Part Volume Head,0.00393208,um^3,Spine,,Spine Part Volume,0,,,,1,,100000063,630700000000,
Spine Part Volume Head,0.00393208,um^3,Spine,,Spine Part Volume,0,,,,1,,100000065,650700000000,
Spine Part Volume Head,0.00393208,um^3,Spine,,Spine Part Volume,0,,,,1,,100000067,670700000000,
Spine Part Volume Head,0.00393208,um^3,Spine,,Spine Part Volume,0,,,,1,,100000068,680700000000,
Spine Part Volume Head,0.00393208,um^3,Spine,,Spine Part Volume,0,,,,1,,100000069,690700000000,
Spine Part Volume Head,0.00393208,um^3,Spine,,Spine Part Volume,0,,,,1,,100000071,710700000000,
Spine Part Volume Head,0.00393208,um^3,Spine,,Spine Part Volume,0,,,,1,,100000073,730700000000,
Spine Part Volume Head,0.00393208,um^3,Spine,,Spine Part Volume,0,,,,1,,100000075,750700000000,
Spine Part Volume Head,0.00393208,um^3,Spine,,Spine Part Volume,0,,,,1,,100000077,770700000000,
Spine Part Volume Head,0.00393208,um^3,Spine,,Spine Part Volume,0,,,,1,,100000079,790700000000,
Spine Part Volume Head,0.00393208,um^3,Spine,,Spine Part Volume,0,,,,1,,100000081,810700000000,
Spine Part Volume Head,0.00393208,um^3,Spine,,Spine Part Volume,0,,,,1,,100000083,830700000000,
Spine Part Volume Head,0.00393208,um^3,Spine,,Spine Part Volume,0,,,,1,,100000084,840700000000,
Spine Part Volume Head,0.00393208,um^3,Spine,,Spine Part Volume,0,,,,1,,100000085,850700000000,
Spine Part Volume Head,0.00393208,um^3,Spine,,Spine Part Volume,0,,,,1,,100000087,870700000000,
Spine Part Volume Neck,0,um^3,Spine,,Spine Part Volume,0,,1,,1,,100000000,700000000,
Spine Part Volume Neck,0,um^3,Spine,,Spine Part Volume,0,,1,,1,,100000000,700000001,
Spine Part Volume Neck,0,um^3,Spine,,Spine Part Volume,0,,,,1,,100000001,10700000000,
Spine Part Volume Neck,0,um^3,Spine,,Spine Part Volume,0,,,,1,,100000003,30700000000,
Spine Part Volume Neck,0,um^3,Spine,,Spine Part Volume,0,,,,1,,100000005,50700000000,
Spine Part Volume Neck,0.0305702,um^3,Spine,,Spine Part Volume,0,,,,1,,100000007,70700000000,
Spine Part Volume Neck,0.0490352,um^3,Spine,,Spine Part Volume,0,,,,1,,100000010,100700000000,
Spine Part Volume Neck,0,um^3,Spine,,Spine Part Volume,0,,,,1,,100000011,110700000000,
Spine Part Volume Neck,0,um^3,Spine,,Spine Part Volume,0,,,,1,,100000012,120700000000,
Spine Part Volume Neck,0,um^3,Spine,,Spine Part Volume,0,,,,1,,100000013,130700000000,
Spine Part Volume Neck,0,um^3,Spine,,Spine Part Volume,0,,,,1,,100000014,140700000000,
Spine Part Volume Neck,0,um^3,Spine,,Spine Part Volume,0,,,,1,,100000015,150700000000,
Spine Part Volume Neck,0,um^3,Spine,,Spine Part Volume,0,,,,1,,100000016,160700000000,
Spine Part Volume Neck,0,um^3,Spine,,Spine Part Volume,0,,,,1,,100000017,170700000000,
Spine Part Volume Neck,0,um^3,Spine,,Spine Part Volume,0,,,,1,,100000019,190700000000,
Spine Part Volume Neck,0,um^3,Spine,,Spine Part Volume,0,,,,1,,100000021,210700000000,
Spine Part Volume Neck,0,um^3,Spine,,Spine Part Volume,0,,,,1,,100000023,230700000000,
Spine Part Volume Neck,0,um^3,Spine,,Spine Part Volume,0,,,,1,,100000025,250700000000,
Spine Part Volume Neck,0,um^3,Spine,,Spine Part Volume,0,,,,1,,100000027,270700000000,
Spine Part Volume Neck,0,um^3,Spine,,Spine Part Volume,0,,,,1,,100000029,290700000000,
Spine Part Volume Neck,0.0456624,um^3,Spine,,Spine Part Volume,0,,,,1,,100000031,310700000000,
Spine Part Volume Neck,0,um^3,Spine,,Spine Part Volume,0,,,,1,,100000033,330700000000,
Spine Part Volume Neck,0.0475237,um^3,Spine,,Spine Part Volume,0,,,,1,,100000035,350700000000,
Spine Part Volume Neck,0,um^3,Spine,,Spine Part Volume,0,,,,1,,100000036,360700000000,
Spine Part Volume Neck,0.0500653,um^3,Spine,,Spine Part Volume,0,,,,1,,100000037,370700000000,
Spine Part Volume Neck,0,um^3,Spine,,Spine Part Volume,0,,,,1,,100000038,380700000000,
Spine Part Volume Neck,0.0509132,um^3,Spine,,Spine Part Volume,0,,,,1,,100000039,390700000000,
Spine Part Volume Neck,0,um^3,Spine,,Spine Part Volume,0,,,,1,,100000040,400700000000,
Spine Part Volume Neck,0,um^3,Spine,,Spine Part Volume,0,,,,1,,100000041,410700000000,
Spine Part Volume Neck,0,um^3,Spine,,Spine Part Volume,0,,,,1,,100000043,430700000000,
Spine Part Volume Neck,0,um^3,Spine,,Spine Part Volume,0,,,,1,,100000045,450700000000,
Spine Part Volume Neck,0.0478423,um^3,Spine,,Spine Part Volume,0,,,,1,,100000047,470700000000,
Spine Part Volume Neck,0,um^3,Spine,,Spine Part Volume,0,,,,1,,100000048,480700000000,
Spine Part Volume Neck,0,um^3,Spine,,Spine Part Volume,0,,,,1,,100000049,490700000000,
Spine Part Volume Neck,0,um^3,Spine,,Spine Part Volume,0,,,,1,,100000051,510700000000,
Spine Part Volume Neck,0,um^3,Spine,,Spine Part Volume,0,,,,1,,100000053,530700000000,
Spine Part Volume Neck,0.0854837,um^3,Spine,,Spine Part Volume,0,,,,1,,100000055,550700000000,
Spine Part Volume Neck,0,um^3,Spine,,Spine Part Volume,0,,,,1,,100000056,560700000000,
Spine Part Volume Neck,0,um^3,Spine,,Spine Part Volume,0,,,,1,,100000057,570700000000,
Spine Part Volume Neck,0,um^3,Spine,,Spine Part Volume,0,,,,1,,100000059,590700000000,
Spine Part Volume Neck,0,um^3,Spine,,Spine Part Volume,0,,,,1,,100000061,610700000000,
Spine Part Volume Neck,0,um^3,Spine,,Spine Part Volume,0,,,,1,,100000063,630700000000,
Spine Part Volume Neck,0,um^3,Spine,,Spine Part Volume,0,,,,1,,100000065,650700000000,
Spine Part Volume Neck,0,um^3,Spine,,Spine Part Volume,0,,,,1,,100000067,670700000000,
Spine Part Volume Neck,0,um^3,Spine,,Spine Part Volume,0,,,,1,,100000068,680700000000,
Spine Part Volume Neck,0,um^3,Spine,,Spine Part Volume,0,,,,1,,100000069,690700000000,
Spine Part Volume Neck,0,um^3,Spine,,Spine Part Volume,0,,,,1,,100000071,710700000000,
Spine Part Volume Neck,0,um^3,Spine,,Spine Part Volume,0,,,,1,,100000073,730700000000,
Spine Part Volume Neck,0,um^3,Spine,,Spine Part Volume,0,,,,1,,100000075,750700000000,
Spine Part Volume Neck,0,um^3,Spine,,Spine Part Volume,0,,,,1,,100000077,770700000000,
Spine Part Volume Neck,0.0487319,um^3,Spine,,Spine Part Volume,0,,,,1,,100000079,790700000000,
Spine Part Volume Neck,0,um^3,Spine,,Spine Part Volume,0,,,,1,,100000081,810700000000,
Spine Part Volume Neck,0,um^3,Spine,,Spine Part Volume,0,,,,1,,100000083,830700000000,
Spine Part Volume Neck,0,um^3,Spine,,Spine Part Volume,0,,,,1,,100000084,840700000000,
Spine Part Volume Neck,0,um^3,Spine,,Spine Part Volume,0,,,,1,,100000085,850700000000,
Spine Part Volume Neck,0,um^3,Spine,,Spine Part Volume,0,,,,1,,100000087,870700000000,
Spine Position X,9.33991,um,Spine,,Spine Position,0,,1,,1,,100000000,700000000,
Spine Position X,8.65247,um,Spine,,Spine Position,0,,1,,1,,100000000,700000001,
Spine Position X,11.2571,um,Spine,,Spine Position,0,,,,1,,100000001,10700000000,
Spine Position X,9.80954,um,Spine,,Spine Position,0,,,,1,,100000003,30700000000,
Spine Position X,9.70665,um,Spine,,Spine Position,0,,,,1,,100000005,50700000000,
Spine Position X,8.94036,um,Spine,,Spine Position,0,,,,1,,100000007,70700000000,
Spine Position X,9.81138,um,Spine,,Spine Position,0,,,,1,,100000010,100700000000,
Spine Position X,11.4372,um,Spine,,Spine Position,0,,,,1,,100000011,110700000000,
Spine Position X,6.8759,um,Spine,,Spine Position,0,,,,1,,100000012,120700000000,
Spine Position X,9.07081,um,Spine,,Spine Position,0,,,,1,,100000013,130700000000,
Spine Position X,7.88762,um,Spine,,Spine Position,0,,,,1,,100000014,140700000000,
Spine Position X,9.11511,um,Spine,,Spine Position,0,,,,1,,100000015,150700000000,
Spine Position X,10.9399,um,Spine,,Spine Position,0,,,,1,,100000016,160700000000,
Spine Position X,10.32,um,Spine,,Spine Position,0,,,,1,,100000017,170700000000,
Spine Position X,11.2474,um,Spine,,Spine Position,0,,,,1,,100000019,190700000000,
Spine Position X,10.0842,um,Spine,,Spine Position,0,,,,1,,100000021,210700000000,
Spine Position X,10.8216,um,Spine,,Spine Position,0,,,,1,,100000023,230700000000,
Spine Position X,11.7919,um,Spine,,Spine Position,0,,,,1,,100000025,250700000000,
Spine Position X,12.5192,um,Spine,,Spine Position,0,,,,1,,100000027,270700000000,
Spine Position X,12.8765,um,Spine,,Spine Position,0,,,,1,,100000029,290700000000,
Spine Position X,11.7401,um,Spine,,Spine Position,0,,,,1,,100000031,310700000000,
Spine Position X,11.6935,um,Spine,,Spine Position,0,,,,1,,100000033,330700000000,
Spine Position X,10.9898,um,Spine,,Spine Position,0,,,,1,,100000035,350700000000,
Spine Position X,9.02107,um,Spine,,Spine Position,0,,,,1,,100000036,360700000000,
Spine Position X,12.8551,um,Spine,,Spine Position,0,,,,1,,100000037,370700000000,
Spine Position X,11.0963,um,Spine,,Spine Position,0,,,,1,,100000038,380700000000,
Spine Position X,13.6974,um,Spine,,Spine Position,0,,,,1,,100000039,390700000000,
Spine Position X,11.6436,um,Spine,,Spine Position,0,,,,1,,100000040,400700000000,
Spine Position X,15.6598,um,Spine,,Spine Position,0,,,,1,,100000041,410700000000,
Spine Position X,15.5397,um,Spine,,Spine Position,0,,,,1,,100000043,430700000000,
Spine Position X,15.6083,um,Spine,,Spine Position,0,,,,1,,100000045,450700000000,
Spine Position X,14.3169,um,Spine,,Spine Position,0,,,,1,,100000047,470700000000,
Spine Position X,13.1219,um,Spine,,Spine Position,0,,,,1,,100000048,480700000000,
Spine Position X,16.5877,um,Spine,,Spine Position,0,,,,1,,100000049,490700000000,
Spine Position X,16.039,um,Spine,,Spine Position,0,,,,1,,100000051,510700000000,
Spine Position X,16.6906,um,Spine,,Spine Position,0,,,,1,,100000053,530700000000,
Spine Position X,18.8419,um,Spine,,Spine Position,0,,,,1,,100000055,550700000000,
Spine Position X,16.8307,um,Spine,,Spine Position,0,,,,1,,100000056,560700000000,
Spine Position X,20.6804,um,Spine,,Spine Position,0,,,,1,,100000057,570700000000,
Spine Position X,22.7781,um,Spine,,Spine Position,0,,,,1,,100000059,590700000000,
Spine Position X,25.9038,um,Spine,,Spine Position,0,,,,1,,100000061,610700000000,
Spine Position X,23.8532,um,Spine,,Spine Position,0,,,,1,,100000063,630700000000,
Spine Position X,24.1418,um,Spine,,Spine Position,0,,,,1,,100000065,650700000000,
Spine Position X,26.3296,um,Spine,,Spine Position,0,,,,1,,100000067,670700000000,
Spine Position X,28.0487,um,Spine,,Spine Position,0,,,,1,,100000068,680700000000,
Spine Position X,25.7923,um,Spine,,Spine Position,0,,,,1,,100000069,690700000000,
Spine Position X,25.9809,um,Spine,,Spine Position,0,,,,1,,100000071,710700000000,
Spine Position X,27.4692,um,Spine,,Spine Position,0,,,,1,,100000073,730700000000,
Spine Position X,26.989,um,Spine,,Spine Position,0,,,,1,,100000075,750700000000,
Spine Position X,28.2065,um,Spine,,Spine Position,0,,,,1,,100000077,770700000000,
Spine Position X,27.9354,um,Spine,,Spine Position,0,,,,1,,100000079,790700000000,
Spine Position X,29.6126,um,Spine,,Spine Position,0,,,,1,,100000081,810700000000,
Spine Position X,33.4378,um,Spine,,Spine Position,0,,,,1,,100000083,830700000000,
Spine Position X,34.8125,um,Spine,,Spine Position,0,,,,1,,100000084,840700000000,
Spine Position X,32.359,um,Spine,,Spine Position,0,,,,1,,100000085,850700000000,
Spine Position X,30.8672,um,Spine,,Spine Position,0,,,,1,,100000087,870700000000,
Spine Position Y,23.4875,um,Spine,,Spine Position,0,,1,,1,,100000000,700000000,
Spine Position Y,24.0319,um,Spine,,Spine Position,0,,1,,1,,100000000,700000001,
Spine Position Y,13.4017,um,Spine,,Spine Position,0,,,,1,,100000001,10700000000,
Spine Position Y,18.1516,um,Spine,,Spine Position,0,,,,1,,100000003,30700000000,
Spine Position Y,19.4377,um,Spine,,Spine Position,0,,,,1,,100000005,50700000000,
Spine Position Y,20.682,um,Spine,,Spine Position,0,,,,1,,100000007,70700000000,
Spine Position Y,24.7483,um,Spine,,Spine Position,0,,,,1,,100000010,100700000000,
Spine Position Y,24.1289,um,Spine,,Spine Position,0,,,,1,,100000011,110700000000,
Spine Position Y,26.2037,um,Spine,,Spine Position,0,,,,1,,100000012,120700000000,
Spine Position Y,26.7353,um,Spine,,Spine Position,0,,,,1,,100000013,130700000000,
Spine Position Y,26.4781,um,Spine,,Spine Position,0,,,,1,,100000014,140700000000,
Spine Position Y,28.2,um,Spine,,Spine Position,0,,,,1,,100000015,150700000000,
Spine Position Y,29.1532,um,Spine,,Spine Position,0,,,,1,,100000016,160700000000,
Spine Position Y,29.9751,um,Spine,,Spine Position,0,,,,1,,100000017,170700000000,
Spine Position Y,33.3818,um,Spine,,Spine Position,0,,,,1,,100000019,190700000000,
Spine Position Y,31.3226,um,Spine,,Spine Position,0,,,,1,,100000021,210700000000,
Spine Position Y,32.3001,um,Spine,,Spine Position,0,,,,1,,100000023,230700000000,
Spine Position Y,35.038,um,Spine,,Spine Position,0,,,,1,,100000025,250700000000,
Spine Position Y,37.2558,um,Spine,,Spine Position,0,,,,1,,100000027,270700000000,
Spine Position Y,38.4132,um,Spine,,Spine Position,0,,,,1,,100000029,290700000000,
Spine Position Y,36.9846,um,Spine,,Spine Position,0,,,,1,,100000031,310700000000,
Spine Position Y,39.9025,um,Spine,,Spine Position,0,,,,1,,100000033,330700000000,
Spine Position Y,40.0723,um,Spine,,Spine Position,0,,,,1,,100000035,350700000000,
Spine Position Y,41.1826,um,Spine,,Spine Position,0,,,,1,,100000036,360700000000,
Spine Position Y,41.5928,um,Spine,,Spine Position,0,,,,1,,100000037,370700000000,
Spine Position Y,42.9056,um,Spine,,Spine Position,0,,,,1,,100000038,380700000000,
Spine Position Y,43.8048,um,Spine,,Spine Position,0,,,,1,,100000039,390700000000,
Spine Position Y,45.3878,um,Spine,,Spine Position,0,,,,1,,100000040,400700000000,
Spine Position Y,44.6789,um,Spine,,Spine Position,0,,,,1,,100000041,410700000000,
Spine Position Y,46.788,um,Spine,,Spine Position,0,,,,1,,100000043,430700000000,
Spine Position Y,48.4171,um,Spine,,Spine Position,0,,,,1,,100000045,450700000000,
Spine Position Y,47.6572,um,Spine,,Spine Position,0,,,,1,,100000047,470700000000,
Spine Position Y,49.3259,um,Spine,,Spine Position,0,,,,1,,100000048,480700000000,
Spine Position Y,50.6194,um,Spine,,Spine Position,0,,,,1,,100000049,490700000000,
Spine Position Y,54.5291,um,Spine,,Spine Position,0,,,,1,,100000051,510700000000,
Spine Position Y,55.798,um,Spine,,Spine Position,0,,,,1,,100000053,530700000000,
Spine Position Y,59.8189,um,Spine,,Spine Position,0,,,,1,,100000055,550700000000,
Spine Position Y,61.9942,um,Spine,,Spine Position,0,,,,1,,100000056,560700000000,
Spine Position Y,58.7504,um,Spine,,Spine Position,0,,,,1,,100000057,570700000000,
Spine Position Y,60.6996,um,Spine,,Spine Position,0,,,,1,,100000059,590700000000,
Spine Position Y,62.5167,um,Spine,,Spine Position,0,,,,1,,100000061,610700000000,
Spine Position Y,64.0029,um,Spine,,Spine Position,0,,,,1,,100000063,630700000000,
Spine Position Y,65.1918,um,Spine,,Spine Position,0,,,,1,,100000065,650700000000,
Spine Position Y,67.0323,um,Spine,,Spine Position,0,,,,1,,100000067,670700000000,
Spine Position Y,66.4593,um,Spine,,Spine Position,0,,,,1,,100000068,680700000000,
Spine Position Y,65.3775,um,Spine,,Spine Position,0,,,,1,,100000069,690700000000,
Spine Position Y,69.1458,um,Spine,,Spine Position,0,,,,1,,100000071,710700000000,
Spine Position Y,69.2286,um,Spine,,Spine Position,0,,,,1,,100000073,730700000000,
Spine Position Y,67.994,um,Spine,,Spine Position,0,,,,1,,100000075,750700000000,
Spine Position Y,71.8865,um,Spine,,Spine Position,0,,,,1,,100000077,770700000000,
Spine Position Y,74.4608,um,Spine,,Spine Position,0,,,,1,,100000079,790700000000,
Spine Position Y,75.8477,um,Spine,,Spine Position,0,,,,1,,100000081,810700000000,
Spine Position Y,79.4162,um,Spine,,Spine Position,0,,,,1,,100000083,830700000000,
Spine Position Y,80.0078,um,Spine,,Spine Position,0,,,,1,,100000084,840700000000,
Spine Position Y,78.3731,um,Spine,,Spine Position,0,,,,1,,100000085,850700000000,
Spine Position Y,76.5211,um,Spine,,Spine Position,0,,,,1,,100000087,870700000000,
Spine Position Z,0.500001,um,Spine,,Spine Position,0,,1,,1,,100000000,700000000,
Spine Position Z,0.500001,um,Spine,,Spine Position,0,,1,,1,,100000000,700000001,
Spine Position Z,0.500001,um,Spine,,Spine Position,0,,,,1,,100000001,10700000000,
Spine Position Z,0.500001,um,Spine,,Spine Position,0,,,,1,,100000003,30700000000,
Spine Position Z,0.500001,um,Spine,,Spine Position,0,,,,1,,100000005,50700000000,
Spine Position Z,0.500001,um,Spine,,Spine Position,0,,,,1,,100000007,70700000000,
Spine Position Z,0.500001,um,Spine,,Spine Position,0,,,,1,,100000010,100700000000,
Spine Position Z,0.500001,um,Spine,,Spine Position,0,,,,1,,100000011,110700000000,
Spine Position Z,0.500001,um,Spine,,Spine Position,0,,,,1,,100000012,120700000000,
Spine Position Z,0.500001,um,Spine,,Spine Position,0,,,,1,,100000013,130700000000,
Spine Position Z,0.500001,um,Spine,,Spine Position,0,,,,1,,100000014,140700000000,
Spine Position Z,0.500001,um,Spine,,Spine Position,0,,,,1,,100000015,150700000000,
Spine Position Z,0.500001,um,Spine,,Spine Position,0,,,,1,,100000016,160700000000,
Spine Position Z,0.500001,um,Spine,,Spine Position,0,,,,1,,100000017,170700000000,
Spine Position Z,0.500001,um,Spine,,Spine Position,0,,,,1,,100000019,190700000000,
Spine Position Z,0.500001,um,Spine,,Spine Position,0,,,,1,,100000021,210700000000,
Spine Position Z,0.500001,um,Spine,,Spine Position,0,,,,1,,100000023,230700000000,
Spine Position Z,0.500001,um,Spine,,Spine Position,0,,,,1,,100000025,250700000000,
Spine Position Z,0.500002,um,Spine,,Spine Position,0,,,,1,,100000027,270700000000,
Spine Position Z,0.500002,um,Spine,,Spine Position,0,,,,1,,100000029,290700000000,
Spine Position Z,0.500001,um,Spine,,Spine Position,0,,,,1,,100000031,310700000000,
Spine Position Z,0.500001,um,Spine,,Spine Position,0,,,,1,,100000033,330700000000,
Spine Position Z,0.500001,um,Spine,,Spine Position,0,,,,1,,100000035,350700000000,
Spine Position Z,0.500001,um,Spine,,Spine Position,0,,,,1,,100000036,360700000000,
Spine Position Z,0.500002,um,Spine,,Spine Position,0,,,,1,,100000037,370700000000,
Spine Position Z,0.500001,um,Spine,,Spine Position,0,,,,1,,100000038,380700000000,
Spine Position Z,0.500002,um,Spine,,Spine Position,0,,,,1,,100000039,390700000000,
Spine Position Z,0.500001,um,Spine,,Spine Position,0,,,,1,,100000040,400700000000,
Spine Position Z,0.500002,um,Spine,,Spine Position,0,,,,1,,100000041,410700000000,
Spine Position Z,0.500002,um,Spine,,Spine Position,0,,,,1,,100000043,430700000000,
Spine Position Z,0.500002,um,Spine,,Spine Position,0,,,,1,,100000045,450700000000,
Spine Position Z,0.500002,um,Spine,,Spine Position,0,,,,1,,100000047,470700000000,
Spine Position Z,0.500002,um,Spine,,Spine Position,0,,,,1,,100000048,480700000000,
Spine Position Z,0.500002,um,Spine,,Spine Position,0,,,,1,,100000049,490700000000,
Spine Position Z,0.500002,um,Spine,,Spine Position,0,,,,1,,100000051,510700000000,
Spine Position Z,0.500002,um,Spine,,Spine Position,0,,,,1,,100000053,530700000000,
Spine Position Z,0.500002,um,Spine,,Spine Position,0,,,,1,,100000055,550700000000,
Spine Position Z,0.500002,um,Spine,,Spine Position,0,,,,1,,100000056,560700000000,
Spine Position Z,0.500003,um,Spine,,Spine Position,0,,,,1,,100000057,570700000000,
Spine Position Z,0.500003,um,Spine,,Spine Position,0,,,,1,,100000059,590700000000,
Spine Position Z,0.500003,um,Spine,,Spine Position,0,,,,1,,100000061,610700000000,
Spine Position Z,0.500003,um,Spine,,Spine Position,0,,,,1,,100000063,630700000000,
Spine Position Z,0.500003,um,Spine,,Spine Position,0,,,,1,,100000065,650700000000,
Spine Position Z,0.500003,um,Spine,,Spine Position,0,,,,1,,100000067,670700000000,
Spine Position Z,0.500003,um,Spine,,Spine Position,0,,,,1,,100000068,680700000000,
Spine Position Z,0.500003,um,Spine,,Spine Position,0,,,,1,,100000069,690700000000,
Spine Position Z,0.500003,um,Spine,,Spine Position,0,,,,1,,100000071,710700000000,
Spine Position Z,0.500003,um,Spine,,Spine Position,0,,,,1,,100000073,730700000000,
Spine Position Z,0.500003,um,Spine,,Spine Position,0,,,,1,,100000075,750700000000,
Spine Position Z,0.500003,um,Spine,,Spine Position,0,,,,1,,100000077,770700000000,
Spine Position Z,0.500003,um,Spine,,Spine Position,0,,,,1,,100000079,790700000000,
Spine Position Z,0.500004,um,Spine,,Spine Position,0,,,,1,,100000081,810700000000,
Spine Position Z,0.500004,um,Spine,,Spine Position,0,,,,1,,100000083,830700000000,
Spine Position Z,0.500004,um,Spine,,Spine Position,0,,,,1,,100000084,840700000000,
Spine Position Z,0.500004,um,Spine,,Spine Position,0,,,,1,,100000085,850700000000,
Spine Position Z,0.500004,um,Spine,,Spine Position,0,,,,1,,100000087,870700000000,
Spine Straightness,0.93448,,Spine,,,0,,1,,1,,100000000,700000000,
Spine Straightness,0.990206,,Spine,,,0,,1,,1,,100000000,700000001,
Spine Straightness,0.989352,,Spine,,,0,,,,1,,100000001,10700000000,
Spine Straightness,1,,Spine,,,0,,,,1,,100000003,30700000000,
Spine Straightness,1,,Spine,,,0,,,,1,,100000005,50700000000,
Spine Straightness,0.830687,,Spine,,,0,,,,1,,100000007,70700000000,
Spine Straightness,0.922394,,Spine,,,0,,,,1,,100000010,100700000000,
Spine Straightness,1,,Spine,,,0,,,,1,,100000011,110700000000,
Spine Straightness,1,,Spine,,,0,,,,1,,100000012,120700000000,
Spine Straightness,1,,Spine,,,0,,,,1,,100000013,130700000000,
Spine Straightness,1,,Spine,,,0,,,,1,,100000014,140700000000,
Spine Straightness,0.983942,,Spine,,,0,,,,1,,100000015,150700000000,
Spine Straightness,1,,Spine,,,0,,,,1,,100000016,160700000000,
Spine Straightness,0.989091,,Spine,,,0,,,,1,,100000017,170700000000,
Spine Straightness,0.977355,,Spine,,,0,,,,1,,100000019,190700000000,
Spine Straightness,1,,Spine,,,0,,,,1,,100000021,210700000000,
Spine Straightness,1,,Spine,,,0,,,,1,,100000023,230700000000,
Spine Straightness,0.994758,,Spine,,,0,,,,1,,100000025,250700000000,
Spine Straightness,1,,Spine,,,0,,,,1,,100000027,270700000000,
Spine Straightness,0.991858,,Spine,,,0,,,,1,,100000029,290700000000,
Spine Straightness,0.993033,,Spine,,,0,,,,1,,100000031,310700000000,
Spine Straightness,0.973118,,Spine,,,0,,,,1,,100000033,330700000000,
Spine Straightness,0.947197,,Spine,,,0,,,,1,,100000035,350700000000,
Spine Straightness,1,,Spine,,,0,,,,1,,100000036,360700000000,
Spine Straightness,0.999031,,Spine,,,0,,,,1,,100000037,370700000000,
Spine Straightness,1,,Spine,,,0,,,,1,,100000038,380700000000,
Spine Straightness,0.996336,,Spine,,,0,,,,1,,100000039,390700000000,
Spine Straightness,0.999641,,Spine,,,0,,,,1,,100000040,400700000000,
Spine Straightness,1,,Spine,,,0,,,,1,,100000041,410700000000,
Spine Straightness,1,,Spine,,,0,,,,1,,100000043,430700000000,
Spine Straightness,1,,Spine,,,0,,,,1,,100000045,450700000000,
Spine Straightness,0.992429,,Spine,,,0,,,,1,,100000047,470700000000,
Spine Straightness,1,,Spine,,,0,,,,1,,100000048,480700000000,
Spine Straightness,1,,Spine,,,0,,,,1,,100000049,490700000000,
Spine Straightness,1,,Spine,,,0,,,,1,,100000051,510700000000,
Spine Straightness,1,,Spine,,,0,,,,1,,100000053,530700000000,
Spine Straightness,0.754374,,Spine,,,0,,,,1,,100000055,550700000000,
Spine Straightness,1,,Spine,,,0,,,,1,,100000056,560700000000,
Spine Straightness,0.986508,,Spine,,,0,,,,1,,100000057,570700000000,
Spine Straightness,0.980834,,Spine,,,0,,,,1,,100000059,590700000000,
Spine Straightness,0.998968,,Spine,,,0,,,,1,,100000061,610700000000,
Spine Straightness,0.957293,,Spine,,,0,,,,1,,100000063,630700000000,
Spine Straightness,0.996168,,Spine,,,0,,,,1,,100000065,650700000000,
Spine Straightness,0.987649,,Spine,,,0,,,,1,,100000067,670700000000,
Spine Straightness,1,,Spine,,,0,,,,1,,100000068,680700000000,
Spine Straightness,0.977953,,Spine,,,0,,,,1,,100000069,690700000000,
Spine Straightness,0.991346,,Spine,,,0,,,,1,,100000071,710700000000,
Spine Straightness,1,,Spine,,,0,,,,1,,100000073,730700000000,
Spine Straightness,1,,Spine,,,0,,,,1,,100000075,750700000000,
Spine Straightness,1,,Spine,,,0,,,,1,,100000077,770700000000,
Spine Straightness,0.955156,,Spine,,,0,,,,1,,100000079,790700000000,
Spine Straightness,1,,Spine,,,0,,,,1,,100000081,810700000000,
Spine Straightness,0.99997,,Spine,,,0,,,,1,,100000083,830700000000,
Spine Straightness,1,,Spine,,,0,,,,1,,100000084,840700000000,
Spine Straightness,1,,Spine,,,0,,,,1,,100000085,850700000000,
Spine Straightness,1,,Spine,,,0,,,,1,,100000087,870700000000,
Spine Terminal Pt Diameter,0.703943,um,Spine,,,0,,1,,1,,100000000,700000000,
Spine Terminal Pt Diameter,0.703943,um,Spine,,,0,,1,,1,,100000000,700000001,
Spine Terminal Pt Diameter,0.224298,um,Spine,,,0,,,,1,,100000001,10700000000,
Spine Terminal Pt Diameter,0.224298,um,Spine,,,0,,,,1,,100000003,30700000000,
Spine Terminal Pt Diameter,0.224298,um,Spine,,,0,,,,1,,100000005,50700000000,
Spine Terminal Pt Diameter,0.224298,um,Spine,,,0,,,,1,,100000007,70700000000,
Spine Terminal Pt Diameter,0.246728,um,Spine,,,0,,,,1,,100000010,100700000000,
Spine Terminal Pt Diameter,0.246728,um,Spine,,,0,,,,1,,100000011,110700000000,
Spine Terminal Pt Diameter,0.703943,um,Spine,,,0,,,,1,,100000012,120700000000,
Spine Terminal Pt Diameter,0.703943,um,Spine,,,0,,,,1,,100000013,130700000000,
Spine Terminal Pt Diameter,0.703943,um,Spine,,,0,,,,1,,100000014,140700000000,
Spine Terminal Pt Diameter,0.703943,um,Spine,,,0,,,,1,,100000015,150700000000,
Spine Terminal Pt Diameter,0.703943,um,Spine,,,0,,,,1,,100000016,160700000000,
Spine Terminal Pt Diameter,0.703943,um,Spine,,,0,,,,1,,100000017,170700000000,
Spine Terminal Pt Diameter,0.703943,um,Spine,,,0,,,,1,,100000019,190700000000,
Spine Terminal Pt Diameter,0.246728,um,Spine,,,0,,,,1,,100000021,210700000000,
Spine Terminal Pt Diameter,0.246728,um,Spine,,,0,,,,1,,100000023,230700000000,
Spine Terminal Pt Diameter,0.246728,um,Spine,,,0,,,,1,,100000025,250700000000,
Spine Terminal Pt Diameter,0.246728,um,Spine,,,0,,,,1,,100000027,270700000000,
Spine Terminal Pt Diameter,0.246728,um,Spine,,,0,,,,1,,100000029,290700000000,
Spine Terminal Pt Diameter,0.246728,um,Spine,,,0,,,,1,,100000031,310700000000,
Spine Terminal Pt Diameter,0.246728,um,Spine,,,0,,,,1,,100000033,330700000000,
Spine Terminal Pt Diameter,0.246728,um,Spine,,,0,,,,1,,100000035,350700000000,
Spine Terminal Pt Diameter,0.246728,um,Spine,,,0,,,,1,,100000036,360700000000,
Spine Terminal Pt Diameter,0.246728,um,Spine,,,0,,,,1,,100000037,370700000000,
Spine Terminal Pt Diameter,0.246728,um,Spine,,,0,,,,1,,100000038,380700000000,
Spine Terminal Pt Diameter,0.246728,um,Spine,,,0,,,,1,,100000039,390700000000,
Spine Terminal Pt Diameter,0.246728,um,Spine,,,0,,,,1,,100000040,400700000000,
Spine Terminal Pt Diameter,0.246728,um,Spine,,,0,,,,1,,100000041,410700000000,
Spine Terminal Pt Diameter,0.246728,um,Spine,,,0,,,,1,,100000043,430700000000,
Spine Terminal Pt Diameter,0.246728,um,Spine,,,0,,,,1,,100000045,450700000000,
Spine Terminal Pt Diameter,0.246728,um,Spine,,,0,,,,1,,100000047,470700000000,
Spine Terminal Pt Diameter,0.246728,um,Spine,,,0,,,,1,,100000048,480700000000,
Spine Terminal Pt Diameter,0.246728,um,Spine,,,0,,,,1,,100000049,490700000000,
Spine Terminal Pt Diameter,0.246728,um,Spine,,,0,,,,1,,100000051,510700000000,
Spine Terminal Pt Diameter,0.246728,um,Spine,,,0,,,,1,,100000053,530700000000,
Spine Terminal Pt Diameter,0.246728,um,Spine,,,0,,,,1,,100000055,550700000000,
Spine Terminal Pt Diameter,0.246728,um,Spine,,,0,,,,1,,100000056,560700000000,
Spine Terminal Pt Diameter,0.246728,um,Spine,,,0,,,,1,,100000057,570700000000,
Spine Terminal Pt Diameter,0.246728,um,Spine,,,0,,,,1,,100000059,590700000000,
Spine Terminal Pt Diameter,0.246728,um,Spine,,,0,,,,1,,100000061,610700000000,
Spine Terminal Pt Diameter,0.246728,um,Spine,,,0,,,,1,,100000063,630700000000,
Spine Terminal Pt Diameter,0.246728,um,Spine,,,0,,,,1,,100000065,650700000000,
Spine Terminal Pt Diameter,0.246728,um,Spine,,,0,,,,1,,100000067,670700000000,
Spine Terminal Pt Diameter,0.246728,um,Spine,,,0,,,,1,,100000068,680700000000,
Spine Terminal Pt Diameter,0.246728,um,Spine,,,0,,,,1,,100000069,690700000000,
Spine Terminal Pt Diameter,0.246728,um,Spine,,,0,,,,1,,100000071,710700000000,
Spine Terminal Pt Diameter,0.246728,um,Spine,,,0,,,,1,,100000073,730700000000,
Spine Terminal Pt Diameter,0.246728,um,Spine,,,0,,,,1,,100000075,750700000000,
Spine Terminal Pt Diameter,0.246728,um,Spine,,,0,,,,1,,100000077,770700000000,
Spine Terminal Pt Diameter,0.246728,um,Spine,,,0,,,,1,,100000079,790700000000,
Spine Terminal Pt Diameter,0.246728,um,Spine,,,0,,,,1,,100000081,810700000000,
Spine Terminal Pt Diameter,0.246728,um,Spine,,,0,,,,1,,100000083,830700000000,
Spine Terminal Pt Diameter,0.246728,um,Spine,,,0,,,,1,,100000084,840700000000,
Spine Terminal Pt Diameter,0.246728,um,Spine,,,0,,,,1,,100000085,850700000000,
Spine Terminal Pt Diameter,0.246728,um,Spine,,,0,,,,1,,100000087,870700000000,
Spine Terminal Pt Distance,13.453,um,Spine,,,0,,1,,1,,100000000,700000000,
Spine Terminal Pt Distance,16.0924,um,Spine,,,0,,1,,1,,100000000,700000001,
Spine Terminal Pt Distance,1.9899,um,Spine,,,0,,,,1,,100000001,10700000000,
Spine Terminal Pt Distance,1.08452,um,Spine,,,0,,,,1,,100000003,30700000000,
Spine Terminal Pt Distance,1.11263,um,Spine,,,0,,,,1,,100000005,50700000000,
Spine Terminal Pt Distance,2.7315,um,Spine,,,0,,,,1,,100000007,70700000000,
Spine Terminal Pt Distance,2.95408,um,Spine,,,0,,,,1,,100000010,100700000000,
Spine Terminal Pt Distance,1.17921,um,Spine,,,0,,,,1,,100000011,110700000000,
Spine Terminal Pt Distance,1.22279,um,Spine,,,0,,,,1,,100000012,120700000000,
Spine Terminal Pt Distance,1.02729,um,Spine,,,0,,,,1,,100000013,130700000000,
Spine Terminal Pt Distance,1.01332,um,Spine,,,0,,,,1,,100000014,140700000000,
Spine Terminal Pt Distance,2.20513,um,Spine,,,0,,,,1,,100000015,150700000000,
Spine Terminal Pt Distance,1.05288,um,Spine,,,0,,,,1,,100000016,160700000000,
Spine Terminal Pt Distance,2.21003,um,Spine,,,0,,,,1,,100000017,170700000000,
Spine Terminal Pt Distance,1.98073,um,Spine,,,0,,,,1,,100000019,190700000000,
Spine Terminal Pt Distance,1.15706,um,Spine,,,0,,,,1,,100000021,210700000000,
Spine Terminal Pt Distance,1.05288,um,Spine,,,0,,,,1,,100000023,230700000000,
Spine Terminal Pt Distance,2.11299,um,Spine,,,0,,,,1,,100000025,250700000000,
Spine Terminal Pt Distance,1.10812,um,Spine,,,0,,,,1,,100000027,270700000000,
Spine Terminal Pt Distance,2.09784,um,Spine,,,0,,,,1,,100000029,290700000000,
Spine Terminal Pt Distance,2.9309,um,Spine,,,0,,,,1,,100000031,310700000000,
Spine Terminal Pt Distance,4.28641,um,Spine,,,0,,,,1,,100000033,330700000000,
Spine Terminal Pt Distance,2.98014,um,Spine,,,0,,,,1,,100000035,350700000000,
Spine Terminal Pt Distance,1.09759,um,Spine,,,0,,,,1,,100000036,360700000000,
Spine Terminal Pt Distance,3.24548,um,Spine,,,0,,,,1,,100000037,370700000000,
Spine Terminal Pt Distance,1.06827,um,Spine,,,0,,,,1,,100000038,380700000000,
Spine Terminal Pt Distance,3.29478,um,Spine,,,0,,,,1,,100000039,390700000000,
Spine Terminal Pt Distance,2.23305,um,Spine,,,0,,,,1,,100000040,400700000000,
Spine Terminal Pt Distance,1.05106,um,Spine,,,0,,,,1,,100000041,410700000000,
Spine Terminal Pt Distance,1.12524,um,Spine,,,0,,,,1,,100000043,430700000000,
Spine Terminal Pt Distance,1.01404,um,Spine,,,0,,,,1,,100000045,450700000000,
Spine Terminal Pt Distance,3.20638,um,Spine,,,0,,,,1,,100000047,470700000000,
Spine Terminal Pt Distance,1.03257,um,Spine,,,0,,,,1,,100000048,480700000000,
Spine Terminal Pt Distance,1.49982,um,Spine,,,0,,,,1,,100000049,490700000000,
Spine Terminal Pt Distance,1.12824,um,Spine,,,0,,,,1,,100000051,510700000000,
Spine Terminal Pt Distance,1.06289,um,Spine,,,0,,,,1,,100000053,530700000000,
Spine Terminal Pt Distance,5.63806,um,Spine,,,0,,,,1,,100000055,550700000000,
Spine Terminal Pt Distance,1.05734,um,Spine,,,0,,,,1,,100000056,560700000000,
Spine Terminal Pt Distance,2.11808,um,Spine,,,0,,,,1,,100000057,570700000000,
Spine Terminal Pt Distance,2.31012,um,Spine,,,0,,,,1,,100000059,590700000000,
Spine Terminal Pt Distance,2.1131,um,Spine,,,0,,,,1,,100000061,610700000000,
Spine Terminal Pt Distance,2.14513,um,Spine,,,0,,,,1,,100000063,630700000000,
Spine Terminal Pt Distance,2.12037,um,Spine,,,0,,,,1,,100000065,650700000000,
Spine Terminal Pt Distance,1.98947,um,Spine,,,0,,,,1,,100000067,670700000000,
Spine Terminal Pt Distance,1.08248,um,Spine,,,0,,,,1,,100000068,680700000000,
Spine Terminal Pt Distance,1.89841,um,Spine,,,0,,,,1,,100000069,690700000000,
Spine Terminal Pt Distance,2.18284,um,Spine,,,0,,,,1,,100000071,710700000000,
Spine Terminal Pt Distance,1.02615,um,Spine,,,0,,,,1,,100000073,730700000000,
Spine Terminal Pt Distance,1.04601,um,Spine,,,0,,,,1,,100000075,750700000000,
Spine Terminal Pt Distance,1.16618,um,Spine,,,0,,,,1,,100000077,770700000000,
Spine Terminal Pt Distance,3.15199,um,Spine,,,0,,,,1,,100000079,790700000000,
Spine Terminal Pt Distance,1.07046,um,Spine,,,0,,,,1,,100000081,810700000000,
Spine Terminal Pt Distance,2.22928,um,Spine,,,0,,,,1,,100000083,830700000000,
Spine Terminal Pt Distance,1.17772,um,Spine,,,0,,,,1,,100000084,840700000000,
Spine Terminal Pt Distance,1.20231,um,Spine,,,0,,,,1,,100000085,850700000000,
Spine Terminal Pt Distance,1.13591,um,Spine,,,0,,,,1,,100000087,870700000000,
Spine Terminal Pt Distance from Origin,24.4774,um,Spine,,Spine Terminal Pt Distance from Origin,0,,1,,1,,100000000,700000000,
Spine Terminal Pt Distance from Origin,26.1706,um,Spine,,Spine Terminal Pt Distance from Origin,0,,1,,1,,100000000,700000001,
Spine Terminal Pt Distance from Origin,15.9259,um,Spine,,Spine Terminal Pt Distance from Origin,0,,,,1,,100000001,10700000000,
Spine Terminal Pt Distance from Origin,19.6781,um,Spine,,Spine Terminal Pt Distance from Origin,0,,,,1,,100000003,30700000000,
Spine Terminal Pt Distance from Origin,21.7984,um,Spine,,Spine Terminal Pt Distance from Origin,0,,,,1,,100000005,50700000000,
Spine Terminal Pt Distance from Origin,23.3729,um,Spine,,Spine Terminal Pt Distance from Origin,0,,,,1,,100000007,70700000000,
Spine Terminal Pt Distance from Origin,26.2114,um,Spine,,Spine Terminal Pt Distance from Origin,0,,,,1,,100000010,100700000000,
Spine Terminal Pt Distance from Origin,25.6323,um,Spine,,Spine Terminal Pt Distance from Origin,0,,,,1,,100000011,110700000000,
Spine Terminal Pt Distance from Origin,25.8729,um,Spine,,Spine Terminal Pt Distance from Origin,0,,,,1,,100000012,120700000000,
Spine Terminal Pt Distance from Origin,27.4326,um,Spine,,Spine Terminal Pt Distance from Origin,0,,,,1,,100000013,130700000000,
Spine Terminal Pt Distance from Origin,26.8707,um,Spine,,Spine Terminal Pt Distance from Origin,0,,,,1,,100000014,140700000000,
Spine Terminal Pt Distance from Origin,30.743,um,Spine,,Spine Terminal Pt Distance from Origin,0,,,,1,,100000015,150700000000,
Spine Terminal Pt Distance from Origin,30.209,um,Spine,,Spine Terminal Pt Distance from Origin,0,,,,1,,100000016,160700000000,
Spine Terminal Pt Distance from Origin,33.0434,um,Spine,,Spine Terminal Pt Distance from Origin,0,,,,1,,100000017,170700000000,
Spine Terminal Pt Distance from Origin,34.2256,um,Spine,,Spine Terminal Pt Distance from Origin,0,,,,1,,100000019,190700000000,
Spine Terminal Pt Distance from Origin,32.708,um,Spine,,Spine Terminal Pt Distance from Origin,0,,,,1,,100000021,210700000000,
Spine Terminal Pt Distance from Origin,34.0396,um,Spine,,Spine Terminal Pt Distance from Origin,0,,,,1,,100000023,230700000000,
Spine Terminal Pt Distance from Origin,36.1553,um,Spine,,Spine Terminal Pt Distance from Origin,0,,,,1,,100000025,250700000000,
Spine Terminal Pt Distance from Origin,39.2594,um,Spine,,Spine Terminal Pt Distance from Origin,0,,,,1,,100000027,270700000000,
Spine Terminal Pt Distance from Origin,41.3698,um,Spine,,Spine Terminal Pt Distance from Origin,0,,,,1,,100000029,290700000000,
Spine Terminal Pt Distance from Origin,40.4878,um,Spine,,Spine Terminal Pt Distance from Origin,0,,,,1,,100000031,310700000000,
Spine Terminal Pt Distance from Origin,40.5233,um,Spine,,Spine Terminal Pt Distance from Origin,0,,,,1,,100000033,330700000000,
Spine Terminal Pt Distance from Origin,42.5286,um,Spine,,Spine Terminal Pt Distance from Origin,0,,,,1,,100000035,350700000000,
Spine Terminal Pt Distance from Origin,42.3937,um,Spine,,Spine Terminal Pt Distance from Origin,0,,,,1,,100000036,360700000000,
Spine Terminal Pt Distance from Origin,43.8404,um,Spine,,Spine Terminal Pt Distance from Origin,0,,,,1,,100000037,370700000000,
Spine Terminal Pt Distance from Origin,43.2549,um,Spine,,Spine Terminal Pt Distance from Origin,0,,,,1,,100000038,380700000000,
Spine Terminal Pt Distance from Origin,46.6365,um,Spine,,Spine Terminal Pt Distance from Origin,0,,,,1,,100000039,390700000000,
Spine Terminal Pt Distance from Origin,45.0717,um,Spine,,Spine Terminal Pt Distance from Origin,0,,,,1,,100000040,400700000000,
Spine Terminal Pt Distance from Origin,48.3652,um,Spine,,Spine Terminal Pt Distance from Origin,0,,,,1,,100000041,410700000000,
Spine Terminal Pt Distance from Origin,49.5209,um,Spine,,Spine Terminal Pt Distance from Origin,0,,,,1,,100000043,430700000000,
Spine Terminal Pt Distance from Origin,50.8679,um,Spine,,Spine Terminal Pt Distance from Origin,0,,,,1,,100000045,450700000000,
Spine Terminal Pt Distance from Origin,50.4477,um,Spine,,Spine Terminal Pt Distance from Origin,0,,,,1,,100000047,470700000000,
Spine Terminal Pt Distance from Origin,50.2522,um,Spine,,Spine Terminal Pt Distance from Origin,0,,,,1,,100000048,480700000000,
Spine Terminal Pt Distance from Origin,54.4129,um,Spine,,Spine Terminal Pt Distance from Origin,0,,,,1,,100000049,490700000000,
Spine Terminal Pt Distance from Origin,57.006,um,Spine,,Spine Terminal Pt Distance from Origin,0,,,,1,,100000051,510700000000,
Spine Terminal Pt Distance from Origin,58.2749,um,Spine,,Spine Terminal Pt Distance from Origin,0,,,,1,,100000053,530700000000,
Spine Terminal Pt Distance from Origin,63.7168,um,Spine,,Spine Terminal Pt Distance from Origin,0,,,,1,,100000055,550700000000,
Spine Terminal Pt Distance from Origin,63.2726,um,Spine,,Spine Terminal Pt Distance from Origin,0,,,,1,,100000056,560700000000,
Spine Terminal Pt Distance from Origin,62.2525,um,Spine,,Spine Terminal Pt Distance from Origin,0,,,,1,,100000057,570700000000,
Spine Terminal Pt Distance from Origin,64.1833,um,Spine,,Spine Terminal Pt Distance from Origin,0,,,,1,,100000059,590700000000,
Spine Terminal Pt Distance from Origin,68.2822,um,Spine,,Spine Terminal Pt Distance from Origin,0,,,,1,,100000061,610700000000,
Spine Terminal Pt Distance from Origin,66.767,um,Spine,,Spine Terminal Pt Distance from Origin,0,,,,1,,100000063,630700000000,
Spine Terminal Pt Distance from Origin,69.195,um,Spine,,Spine Terminal Pt Distance from Origin,0,,,,1,,100000065,650700000000,
Spine Terminal Pt Distance from Origin,71.6818,um,Spine,,Spine Terminal Pt Distance from Origin,0,,,,1,,100000067,670700000000,
Spine Terminal Pt Distance from Origin,71.1065,um,Spine,,Spine Terminal Pt Distance from Origin,0,,,,1,,100000068,680700000000,
Spine Terminal Pt Distance from Origin,70.3774,um,Spine,,Spine Terminal Pt Distance from Origin,0,,,,1,,100000069,690700000000,
Spine Terminal Pt Distance from Origin,73.9008,um,Spine,,Spine Terminal Pt Distance from Origin,0,,,,1,,100000071,710700000000,
Spine Terminal Pt Distance from Origin,74.7014,um,Spine,,Spine Terminal Pt Distance from Origin,0,,,,1,,100000073,730700000000,
Spine Terminal Pt Distance from Origin,73.5486,um,Spine,,Spine Terminal Pt Distance from Origin,0,,,,1,,100000075,750700000000,
Spine Terminal Pt Distance from Origin,77.2664,um,Spine,,Spine Terminal Pt Distance from Origin,0,,,,1,,100000077,770700000000,
Spine Terminal Pt Distance from Origin,81.4284,um,Spine,,Spine Terminal Pt Distance from Origin,0,,,,1,,100000079,790700000000,
Spine Terminal Pt Distance from Origin,81.6886,um,Spine,,Spine Terminal Pt Distance from Origin,0,,,,1,,100000081,810700000000,
Spine Terminal Pt Distance from Origin,86.1937,um,Spine,,Spine Terminal Pt Distance from Origin,0,,,,1,,100000083,830700000000,
Spine Terminal Pt Distance from Origin,86.0872,um,Spine,,Spine Terminal Pt Distance from Origin,0,,,,1,,100000084,840700000000,
Spine Terminal Pt Distance from Origin,83.7104,um,Spine,,Spine Terminal Pt Distance from Origin,0,,,,1,,100000085,850700000000,
Spine Terminal Pt Distance from Origin,81.8014,um,Spine,,Spine Terminal Pt Distance from Origin,0,,,,1,,100000087,870700000000,
Spine Terminal Pt Generation,0,,Spine,,,0,,1,,1,,100000000,700000000,
Spine Terminal Pt Generation,0,,Spine,,,0,,1,,1,,100000000,700000001,
Spine Terminal Pt Generation,0,,Spine,,,0,,,,1,,100000001,10700000000,
Spine Terminal Pt Generation,0,,Spine,,,0,,,,1,,100000003,30700000000,
Spine Terminal Pt Generation,0,,Spine,,,0,,,,1,,100000005,50700000000,
Spine Terminal Pt Generation,0,,Spine,,,0,,,,1,,100000007,70700000000,
Spine Terminal Pt Generation,0,,Spine,,,0,,,,1,,100000010,100700000000,
Spine Terminal Pt Generation,0,,Spine,,,0,,,,1,,100000011,110700000000,
Spine Terminal Pt Generation,0,,Spine,,,0,,,,1,,100000012,120700000000,
Spine Terminal Pt Generation,0,,Spine,,,0,,,,1,,100000013,130700000000,
Spine Terminal Pt Generation,0,,Spine,,,0,,,,1,,100000014,140700000000,
Spine Terminal Pt Generation,0,,Spine,,,0,,,,1,,100000015,150700000000,
Spine Terminal Pt Generation,0,,Spine,,,0,,,,1,,100000016,160700000000,
Spine Terminal Pt Generation,0,,Spine,,,0,,,,1,,100000017,170700000000,
Spine Terminal Pt Generation,0,,Spine,,,0,,,,1,,100000019,190700000000,
Spine Terminal Pt Generation,0,,Spine,,,0,,,,1,,100000021,210700000000,
Spine Terminal Pt Generation,0,,Spine,,,0,,,,1,,100000023,230700000000,
Spine Terminal Pt Generation,0,,Spine,,,0,,,,1,,100000025,250700000000,
Spine Terminal Pt Generation,0,,Spine,,,0,,,,1,,100000027,270700000000,
Spine Terminal Pt Generation,0,,Spine,,,0,,,,1,,100000029,290700000000,
Spine Terminal Pt Generation,0,,Spine,,,0,,,,1,,100000031,310700000000,
Spine Terminal Pt Generation,0,,Spine,,,0,,,,1,,100000033,330700000000,
Spine Terminal Pt Generation,0,,Spine,,,0,,,,1,,100000035,350700000000,
Spine Terminal Pt Generation,0,,Spine,,,0,,,,1,,100000036,360700000000,
Spine Terminal Pt Generation,0,,Spine,,,0,,,,1,,100000037,370700000000,
Spine Terminal Pt Generation,0,,Spine,,,0,,,,1,,100000038,380700000000,
Spine Terminal Pt Generation,0,,Spine,,,0,,,,1,,100000039,390700000000,
Spine Terminal Pt Generation,0,,Spine,,,0,,,,1,,100000040,400700000000,
Spine Terminal Pt Generation,0,,Spine,,,0,,,,1,,100000041,410700000000,
Spine Terminal Pt Generation,0,,Spine,,,0,,,,1,,100000043,430700000000,
Spine Terminal Pt Generation,0,,Spine,,,0,,,,1,,100000045,450700000000,
Spine Terminal Pt Generation,0,,Spine,,,0,,,,1,,100000047,470700000000,
Spine Terminal Pt Generation,0,,Spine,,,0,,,,1,,100000048,480700000000,
Spine Terminal Pt Generation,0,,Spine,,,0,,,,1,,100000049,490700000000,
Spine Terminal Pt Generation,0,,Spine,,,0,,,,1,,100000051,510700000000,
Spine Terminal Pt Generation,0,,Spine,,,0,,,,1,,100000053,530700000000,
Spine Terminal Pt Generation,0,,Spine,,,0,,,,1,,100000055,550700000000,
Spine Terminal Pt Generation,0,,Spine,,,0,,,,1,,100000056,560700000000,
Spine Terminal Pt Generation,0,,Spine,,,0,,,,1,,100000057,570700000000,
Spine Terminal Pt Generation,0,,Spine,,,0,,,,1,,100000059,590700000000,
Spine Terminal Pt Generation,0,,Spine,,,0,,,,1,,100000061,610700000000,
Spine Terminal Pt Generation,0,,Spine,,,0,,,,1,,100000063,630700000000,
Spine Terminal Pt Generation,0,,Spine,,,0,,,,1,,100000065,650700000000,
Spine Terminal Pt Generation,0,,Spine,,,0,,,,1,,100000067,670700000000,
Spine Terminal Pt Generation,0,,Spine,,,0,,,,1,,100000068,680700000000,
Spine Terminal Pt Generation,0,,Spine,,,0,,,,1,,100000069,690700000000,
Spine Terminal Pt Generation,0,,Spine,,,0,,,,1,,100000071,710700000000,
Spine Terminal Pt Generation,0,,Spine,,,0,,,,1,,100000073,730700000000,
Spine Terminal Pt Generation,0,,Spine,,,0,,,,1,,100000075,750700000000,
Spine Terminal Pt Generation,0,,Spine,,,0,,,,1,,100000077,770700000000,
Spine Terminal Pt Generation,0,,Spine,,,0,,,,1,,100000079,790700000000,
Spine Terminal Pt Generation,0,,Spine,,,0,,,,1,,100000081,810700000000,
Spine Terminal Pt Generation,0,,Spine,,,0,,,,1,,100000083,830700000000,
Spine Terminal Pt Generation,0,,Spine,,,0,,,,1,,100000084,840700000000,
Spine Terminal Pt Generation,0,,Spine,,,0,,,,1,,100000085,850700000000,
Spine Terminal Pt Generation,0,,Spine,,,0,,,,1,,100000087,870700000000,
Spine Terminal Pt Intensity Center,40062,,Spine,1,,0,,,,1,,100000000,700000000,
Spine Terminal Pt Intensity Center,34970,,Spine,1,,0,,,,1,,100000000,700000001,
Spine Terminal Pt Intensity Center,19497,,Spine,1,,0,,,,1,,100000001,10700000000,
Spine Terminal Pt Intensity Center,27217,,Spine,1,,0,,,,1,,100000003,30700000000,
Spine Terminal Pt Intensity Center,32212,,Spine,1,,0,,,,1,,100000005,50700000000,
Spine Terminal Pt Intensity Center,39543,,Spine,1,,0,,,,1,,100000007,70700000000,
Spine Terminal Pt Intensity Center,17421,,Spine,1,,0,,,,1,,100000010,100700000000,
Spine Terminal Pt Intensity Center,24914,,Spine,1,,0,,,,1,,100000011,110700000000,
Spine Terminal Pt Intensity Center,34970,,Spine,1,,0,,,,1,,100000012,120700000000,
Spine Terminal Pt Intensity Center,26049,,Spine,1,,0,,,,1,,100000013,130700000000,
Spine Terminal Pt Intensity Center,33964,,Spine,1,,0,,,,1,,100000014,140700000000,
Spine Terminal Pt Intensity Center,22027,,Spine,1,,0,,,,1,,100000015,150700000000,
Spine Terminal Pt Intensity Center,19757,,Spine,1,,0,,,,1,,100000016,160700000000,
Spine Terminal Pt Intensity Center,19692,,Spine,1,,0,,,,1,,100000017,170700000000,
Spine Terminal Pt Intensity Center,18232,,Spine,1,,0,,,,1,,100000019,190700000000,
Spine Terminal Pt Intensity Center,19108,,Spine,1,,0,,,,1,,100000021,210700000000,
Spine Terminal Pt Intensity Center,31142,,Spine,1,,0,,,,1,,100000023,230700000000,
Spine Terminal Pt Intensity Center,18556,,Spine,1,,0,,,,1,,100000025,250700000000,
Spine Terminal Pt Intensity Center,20762,,Spine,1,,0,,,,1,,100000027,270700000000,
Spine Terminal Pt Intensity Center,17518,,Spine,1,,0,,,,1,,100000029,290700000000,
Spine Terminal Pt Intensity Center,23746,,Spine,1,,0,,,,1,,100000031,310700000000,
Spine Terminal Pt Intensity Center,30234,,Spine,1,,0,,,,1,,100000033,330700000000,
Spine Terminal Pt Intensity Center,16805,,Spine,1,,0,,,,1,,100000035,350700000000,
Spine Terminal Pt Intensity Center,18394,,Spine,1,,0,,,,1,,100000036,360700000000,
Spine Terminal Pt Intensity Center,22157,,Spine,1,,0,,,,1,,100000037,370700000000,
Spine Terminal Pt Intensity Center,27314,,Spine,1,,0,,,,1,,100000038,380700000000,
Spine Terminal Pt Intensity Center,31207,,Spine,1,,0,,,,1,,100000039,390700000000,
Spine Terminal Pt Intensity Center,15897,,Spine,1,,0,,,,1,,100000040,400700000000,
Spine Terminal Pt Intensity Center,31207,,Spine,1,,0,,,,1,,100000041,410700000000,
Spine Terminal Pt Intensity Center,21411,,Spine,1,,0,,,,1,,100000043,430700000000,
Spine Terminal Pt Intensity Center,25757,,Spine,1,,0,,,,1,,100000045,450700000000,
Spine Terminal Pt Intensity Center,16091,,Spine,1,,0,,,,1,,100000047,470700000000,
Spine Terminal Pt Intensity Center,16416,,Spine,1,,0,,,,1,,100000048,480700000000,
Spine Terminal Pt Intensity Center,30493,,Spine,1,,0,,,,1,,100000049,490700000000,
Spine Terminal Pt Intensity Center,16805,,Spine,1,,0,,,,1,,100000051,510700000000,
Spine Terminal Pt Intensity Center,24849,,Spine,1,,0,,,,1,,100000053,530700000000,
Spine Terminal Pt Intensity Center,25303,,Spine,1,,0,,,,1,,100000055,550700000000,
Spine Terminal Pt Intensity Center,27379,,Spine,1,,0,,,,1,,100000056,560700000000,
Spine Terminal Pt Intensity Center,23292,,Spine,1,,0,,,,1,,100000057,570700000000,
Spine Terminal Pt Intensity Center,25530,,Spine,1,,0,,,,1,,100000059,590700000000,
Spine Terminal Pt Intensity Center,19724,,Spine,1,,0,,,,1,,100000061,610700000000,
Spine Terminal Pt Intensity Center,39770,,Spine,1,,0,,,,1,,100000063,630700000000,
Spine Terminal Pt Intensity Center,27704,,Spine,1,,0,,,,1,,100000065,650700000000,
Spine Terminal Pt Intensity Center,33250,,Spine,1,,0,,,,1,,100000067,670700000000,
Spine Terminal Pt Intensity Center,25174,,Spine,1,,0,,,,1,,100000068,680700000000,
Spine Terminal Pt Intensity Center,26212,,Spine,1,,0,,,,1,,100000069,690700000000,
Spine Terminal Pt Intensity Center,33769,,Spine,1,,0,,,,1,,100000071,710700000000,
Spine Terminal Pt Intensity Center,23487,,Spine,1,,0,,,,1,,100000073,730700000000,
Spine Terminal Pt Intensity Center,25076,,Spine,1,,0,,,,1,,100000075,750700000000,
Spine Terminal Pt Intensity Center,27120,,Spine,1,,0,,,,1,,100000077,770700000000,
Spine Terminal Pt Intensity Center,30428,,Spine,1,,0,,,,1,,100000079,790700000000,
Spine Terminal Pt Intensity Center,25044,,Spine,1,,0,,,,1,,100000081,810700000000,
Spine Terminal Pt Intensity Center,26212,,Spine,1,,0,,,,1,,100000083,830700000000,
Spine Terminal Pt Intensity Center,34256,,Spine,1,,0,,,,1,,100000084,840700000000,
Spine Terminal Pt Intensity Center,27055,,Spine,1,,0,,,,1,,100000085,850700000000,
Spine Terminal Pt Intensity Center,23357,,Spine,1,,0,,,,1,,100000087,870700000000,
Spine Terminal Pt Position X,8.62634,um,Spine,,Spine Terminal Pt Position,0,,1,,1,,100000000,700000000,
Spine Terminal Pt Position X,6.29287,um,Spine,,Spine Terminal Pt Position,0,,1,,1,,100000000,700000001,
Spine Terminal Pt Position X,9.92957,um,Spine,,Spine Terminal Pt Position,0,,,,1,,100000001,10700000000,
Spine Terminal Pt Position X,8.91785,um,Spine,,Spine Terminal Pt Position,0,,,,1,,100000003,30700000000,
Spine Terminal Pt Position X,10.7184,um,Spine,,Spine Terminal Pt Position,0,,,,1,,100000005,50700000000,
Spine Terminal Pt Position X,7.99187,um,Spine,,Spine Terminal Pt Position,0,,,,1,,100000007,70700000000,
Spine Terminal Pt Position X,11.5058,um,Spine,,Spine Terminal Pt Position,0,,,,1,,100000010,100700000000,
Spine Terminal Pt Position X,10.5455,um,Spine,,Spine Terminal Pt Position,0,,,,1,,100000011,110700000000,
Spine Terminal Pt Position X,6.56724,um,Spine,,Spine Terminal Pt Position,0,,,,1,,100000012,120700000000,
Spine Terminal Pt Position X,8.21342,um,Spine,,Spine Terminal Pt Position,0,,,,1,,100000013,130700000000,
Spine Terminal Pt Position X,8.29916,um,Spine,,Spine Terminal Pt Position,0,,,,1,,100000014,140700000000,
Spine Terminal Pt Position X,10.8542,um,Spine,,Spine Terminal Pt Position,0,,,,1,,100000015,150700000000,
Spine Terminal Pt Position X,11.06,um,Spine,,Spine Terminal Pt Position,0,,,,1,,100000016,160700000000,
Spine Terminal Pt Position X,11.9362,um,Spine,,Spine Terminal Pt Position,0,,,,1,,100000017,170700000000,
Spine Terminal Pt Position X,12.1077,um,Spine,,Spine Terminal Pt Position,0,,,,1,,100000019,190700000000,
Spine Terminal Pt Position X,8.93533,um,Spine,,Spine Terminal Pt Position,0,,,,1,,100000021,210700000000,
Spine Terminal Pt Position X,9.80987,um,Spine,,Spine Terminal Pt Position,0,,,,1,,100000023,230700000000,
Spine Terminal Pt Position X,12.9822,um,Spine,,Spine Terminal Pt Position,0,,,,1,,100000025,250700000000,
Spine Terminal Pt Position X,13.5481,um,Spine,,Spine Terminal Pt Position,0,,,,1,,100000027,270700000000,
Spine Terminal Pt Position X,14.5769,um,Spine,,Spine Terminal Pt Position,0,,,,1,,100000029,290700000000,
Spine Terminal Pt Position X,10.9073,um,Spine,,Spine Terminal Pt Position,0,,,,1,,100000031,310700000000,
Spine Terminal Pt Position X,8.79815,um,Spine,,Spine Terminal Pt Position,0,,,,1,,100000033,330700000000,
Spine Terminal Pt Position X,9.39832,um,Spine,,Spine Terminal Pt Position,0,,,,1,,100000035,350700000000,
Spine Terminal Pt Position X,10.1185,um,Spine,,Spine Terminal Pt Position,0,,,,1,,100000036,360700000000,
Spine Terminal Pt Position X,10.6333,um,Spine,,Spine Terminal Pt Position,0,,,,1,,100000037,370700000000,
Spine Terminal Pt Position X,10.7534,um,Spine,,Spine Terminal Pt Position,0,,,,1,,100000038,380700000000,
Spine Terminal Pt Position X,11.6622,um,Spine,,Spine Terminal Pt Position,0,,,,1,,100000039,390700000000,
Spine Terminal Pt Position X,10.7705,um,Spine,,Spine Terminal Pt Position,0,,,,1,,100000040,400700000000,
Spine Terminal Pt Position X,16.2428,um,Spine,,Spine Terminal Pt Position,0,,,,1,,100000041,410700000000,
Spine Terminal Pt Position X,16.6544,um,Spine,,Spine Terminal Pt Position,0,,,,1,,100000043,430700000000,
Spine Terminal Pt Position X,16.5686,um,Spine,,Spine Terminal Pt Position,0,,,,1,,100000045,450700000000,
Spine Terminal Pt Position X,12.3331,um,Spine,,Spine Terminal Pt Position,0,,,,1,,100000047,470700000000,
Spine Terminal Pt Position X,12.2817,um,Spine,,Spine Terminal Pt Position,0,,,,1,,100000048,480700000000,
Spine Terminal Pt Position X,17.8738,um,Spine,,Spine Terminal Pt Position,0,,,,1,,100000049,490700000000,
Spine Terminal Pt Position X,15.0101,um,Spine,,Spine Terminal Pt Position,0,,,,1,,100000051,510700000000,
Spine Terminal Pt Position X,15.6789,um,Spine,,Spine Terminal Pt Position,0,,,,1,,100000053,530700000000,
Spine Terminal Pt Position X,16.7278,um,Spine,,Spine Terminal Pt Position,0,,,,1,,100000055,550700000000,
Spine Terminal Pt Position X,16.985,um,Spine,,Spine Terminal Pt Position,0,,,,1,,100000056,560700000000,
Spine Terminal Pt Position X,22.3008,um,Spine,,Spine Terminal Pt Position,0,,,,1,,100000057,570700000000,
Spine Terminal Pt Position X,24.1699,um,Spine,,Spine Terminal Pt Position,0,,,,1,,100000059,590700000000,
Spine Terminal Pt Position X,27.6543,um,Spine,,Spine Terminal Pt Position,0,,,,1,,100000061,610700000000,
Spine Terminal Pt Position X,22.6471,um,Spine,,Spine Terminal Pt Position,0,,,,1,,100000063,630700000000,
Spine Terminal Pt Position X,22.407,um,Spine,,Spine Terminal Pt Position,0,,,,1,,100000065,650700000000,
Spine Terminal Pt Position X,27.6886,um,Spine,,Spine Terminal Pt Position,0,,,,1,,100000067,670700000000,
Spine Terminal Pt Position X,27.3456,um,Spine,,Spine Terminal Pt Position,0,,,,1,,100000068,680700000000,
Spine Terminal Pt Position X,27.2599,um,Spine,,Spine Terminal Pt Position,0,,,,1,,100000069,690700000000,
Spine Terminal Pt Position X,24.3104,um,Spine,,Spine Terminal Pt Position,0,,,,1,,100000071,710700000000,
Spine Terminal Pt Position X,28.4809,um,Spine,,Spine Terminal Pt Position,0,,,,1,,100000073,730700000000,
Spine Terminal Pt Position X,28.035,um,Spine,,Spine Terminal Pt Position,0,,,,1,,100000075,750700000000,
Spine Terminal Pt Position X,29.304,um,Spine,,Spine Terminal Pt Position,0,,,,1,,100000077,770700000000,
Spine Terminal Pt Position X,27.4692,um,Spine,,Spine Terminal Pt Position,0,,,,1,,100000079,790700000000,
Spine Terminal Pt Position X,28.7381,um,Spine,,Spine Terminal Pt Position,0,,,,1,,100000081,810700000000,
Spine Terminal Pt Position X,35.1383,um,Spine,,Spine Terminal Pt Position,0,,,,1,,100000083,830700000000,
Spine Terminal Pt Position X,34.4867,um,Spine,,Spine Terminal Pt Position,0,,,,1,,100000084,840700000000,
Spine Terminal Pt Position X,32.4276,um,Spine,,Spine Terminal Pt Position,0,,,,1,,100000085,850700000000,
Spine Terminal Pt Position X,31.4159,um,Spine,,Spine Terminal Pt Position,0,,,,1,,100000087,870700000000,
Spine Terminal Pt Position Y,22.9015,um,Spine,,Spine Terminal Pt Position,0,,1,,1,,100000000,700000000,
Spine Terminal Pt Position Y,25.3978,um,Spine,,Spine Terminal Pt Position,0,,1,,1,,100000000,700000001,
Spine Terminal Pt Position Y,12.4414,um,Spine,,Spine Terminal Pt Position,0,,,,1,,100000001,10700000000,
Spine Terminal Pt Position Y,17.5343,um,Spine,,Spine Terminal Pt Position,0,,,,1,,100000003,30700000000,
Spine Terminal Pt Position Y,18.9747,um,Spine,,Spine Terminal Pt Position,0,,,,1,,100000005,50700000000,
Spine Terminal Pt Position Y,21.9584,um,Spine,,Spine Terminal Pt Position,0,,,,1,,100000007,70700000000,
Spine Terminal Pt Position Y,23.5458,um,Spine,,Spine Terminal Pt Position,0,,,,1,,100000010,100700000000,
Spine Terminal Pt Position Y,23.3572,um,Spine,,Spine Terminal Pt Position,0,,,,1,,100000011,110700000000,
Spine Terminal Pt Position Y,25.0205,um,Spine,,Spine Terminal Pt Position,0,,,,1,,100000012,120700000000,
Spine Terminal Pt Position Y,26.1694,um,Spine,,Spine Terminal Pt Position,0,,,,1,,100000013,130700000000,
Spine Terminal Pt Position Y,25.5521,um,Spine,,Spine Terminal Pt Position,0,,,,1,,100000014,140700000000,
Spine Terminal Pt Position Y,28.7588,um,Spine,,Spine Terminal Pt Position,0,,,,1,,100000015,150700000000,
Spine Terminal Pt Position Y,28.1071,um,Spine,,Spine Terminal Pt Position,0,,,,1,,100000016,160700000000,
Spine Terminal Pt Position Y,30.8082,um,Spine,,Spine Terminal Pt Position,0,,,,1,,100000017,170700000000,
Spine Terminal Pt Position Y,32.0085,um,Spine,,Spine Terminal Pt Position,0,,,,1,,100000019,190700000000,
Spine Terminal Pt Position Y,31.4598,um,Spine,,Spine Terminal Pt Position,0,,,,1,,100000021,210700000000,
Spine Terminal Pt Position Y,32.5916,um,Spine,,Spine Terminal Pt Position,0,,,,1,,100000023,230700000000,
Spine Terminal Pt Position Y,33.7405,um,Spine,,Spine Terminal Pt Position,0,,,,1,,100000025,250700000000,
Spine Terminal Pt Position Y,36.8442,um,Spine,,Spine Terminal Pt Position,0,,,,1,,100000027,270700000000,
Spine Terminal Pt Position Y,38.7133,um,Spine,,Spine Terminal Pt Position,0,,,,1,,100000029,290700000000,
Spine Terminal Pt Position Y,38.9877,um,Spine,,Spine Terminal Pt Position,0,,,,1,,100000031,310700000000,
Spine Terminal Pt Position Y,39.5536,um,Spine,,Spine Terminal Pt Position,0,,,,1,,100000033,330700000000,
Spine Terminal Pt Position Y,41.4741,um,Spine,,Spine Terminal Pt Position,0,,,,1,,100000035,350700000000,
Spine Terminal Pt Position Y,41.1655,um,Spine,,Spine Terminal Pt Position,0,,,,1,,100000036,360700000000,
Spine Terminal Pt Position Y,42.5284,um,Spine,,Spine Terminal Pt Position,0,,,,1,,100000037,370700000000,
Spine Terminal Pt Position Y,41.8939,um,Spine,,Spine Terminal Pt Position,0,,,,1,,100000038,380700000000,
Spine Terminal Pt Position Y,45.152,um,Spine,,Spine Terminal Pt Position,0,,,,1,,100000039,390700000000,
Spine Terminal Pt Position Y,43.763,um,Spine,,Spine Terminal Pt Position,0,,,,1,,100000040,400700000000,
Spine Terminal Pt Position Y,45.5534,um,Spine,,Spine Terminal Pt Position,0,,,,1,,100000041,410700000000,
Spine Terminal Pt Position Y,46.6337,um,Spine,,Spine Terminal Pt Position,0,,,,1,,100000043,430700000000,
Spine Terminal Pt Position Y,48.0913,um,Spine,,Spine Terminal Pt Position,0,,,,1,,100000045,450700000000,
Spine Terminal Pt Position Y,48.9144,um,Spine,,Spine Terminal Pt Position,0,,,,1,,100000047,470700000000,
Spine Terminal Pt Position Y,48.7257,um,Spine,,Spine Terminal Pt Position,0,,,,1,,100000048,480700000000,
Spine Terminal Pt Position Y,51.391,um,Spine,,Spine Terminal Pt Position,0,,,,1,,100000049,490700000000,
Spine Terminal Pt Position Y,54.992,um,Spine,,Spine Terminal Pt Position,0,,,,1,,100000051,510700000000,
Spine Terminal Pt Position Y,56.1238,um,Spine,,Spine Terminal Pt Position,0,,,,1,,100000053,530700000000,
Spine Terminal Pt Position Y,61.4798,um,Spine,,Spine Terminal Pt Position,0,,,,1,,100000055,550700000000,
Spine Terminal Pt Position Y,60.9482,um,Spine,,Spine Terminal Pt Position,0,,,,1,,100000056,560700000000,
Spine Terminal Pt Position Y,58.1188,um,Spine,,Spine Terminal Pt Position,0,,,,1,,100000057,570700000000,
Spine Terminal Pt Position Y,59.4564,um,Spine,,Spine Terminal Pt Position,0,,,,1,,100000059,590700000000,
Spine Terminal Pt Position Y,62.4296,um,Spine,,Spine Terminal Pt Position,0,,,,1,,100000061,610700000000,
Spine Terminal Pt Position Y,62.8068,um,Spine,,Spine Terminal Pt Position,0,,,,1,,100000063,630700000000,
Spine Terminal Pt Position Y,65.4647,um,Spine,,Spine Terminal Pt Position,0,,,,1,,100000065,650700000000,
Spine Terminal Pt Position Y,66.1163,um,Spine,,Spine Terminal Pt Position,0,,,,1,,100000067,670700000000,
Spine Terminal Pt Position Y,65.6362,um,Spine,,Spine Terminal Pt Position,0,,,,1,,100000068,680700000000,
Spine Terminal Pt Position Y,64.8817,um,Spine,,Spine Terminal Pt Position,0,,,,1,,100000069,690700000000,
Spine Terminal Pt Position Y,69.7859,um,Spine,,Spine Terminal Pt Position,0,,,,1,,100000071,710700000000,
Spine Terminal Pt Position Y,69.0572,um,Spine,,Spine Terminal Pt Position,0,,,,1,,100000073,730700000000,
Spine Terminal Pt Position Y,67.994,um,Spine,,Spine Terminal Pt Position,0,,,,1,,100000075,750700000000,
Spine Terminal Pt Position Y,71.4921,um,Spine,,Spine Terminal Pt Position,0,,,,1,,100000077,770700000000,
Spine Terminal Pt Position Y,76.6536,um,Spine,,Spine Terminal Pt Position,0,,,,1,,100000079,790700000000,
Spine Terminal Pt Position Y,76.465,um,Spine,,Spine Terminal Pt Position,0,,,,1,,100000081,810700000000,
Spine Terminal Pt Position Y,78.7046,um,Spine,,Spine Terminal Pt Position,0,,,,1,,100000083,830700000000,
Spine Terminal Pt Position Y,78.876,um,Spine,,Spine Terminal Pt Position,0,,,,1,,100000084,840700000000,
Spine Terminal Pt Position Y,77.1727,um,Spine,,Spine Terminal Pt Position,0,,,,1,,100000085,850700000000,
Spine Terminal Pt Position Y,75.5266,um,Spine,,Spine Terminal Pt Position,0,,,,1,,100000087,870700000000,
Spine Terminal Pt Position Z,0.500001,um,Spine,,Spine Terminal Pt Position,0,,1,,1,,100000000,700000000,
Spine Terminal Pt Position Z,0.500001,um,Spine,,Spine Terminal Pt Position,0,,1,,1,,100000000,700000001,
Spine Terminal Pt Position Z,0.500001,um,Spine,,Spine Terminal Pt Position,0,,,,1,,100000001,10700000000,
Spine Terminal Pt Position Z,0.500001,um,Spine,,Spine Terminal Pt Position,0,,,,1,,100000003,30700000000,
Spine Terminal Pt Position Z,0.500001,um,Spine,,Spine Terminal Pt Position,0,,,,1,,100000005,50700000000,
Spine Terminal Pt Position Z,0.500001,um,Spine,,Spine Terminal Pt Position,0,,,,1,,100000007,70700000000,
Spine Terminal Pt Position Z,0.500001,um,Spine,,Spine Terminal Pt Position,0,,,,1,,100000010,100700000000,
Spine Terminal Pt Position Z,0.500001,um,Spine,,Spine Terminal Pt Position,0,,,,1,,100000011,110700000000,
Spine Terminal Pt Position Z,0.500001,um,Spine,,Spine Terminal Pt Position,0,,,,1,,100000012,120700000000,
Spine Terminal Pt Position Z,0.500001,um,Spine,,Spine Terminal Pt Position,0,,,,1,,100000013,130700000000,
Spine Terminal Pt Position Z,0.500001,um,Spine,,Spine Terminal Pt Position,0,,,,1,,100000014,140700000000,
Spine Terminal Pt Position Z,0.500001,um,Spine,,Spine Terminal Pt Position,0,,,,1,,100000015,150700000000,
Spine Terminal Pt Position Z,0.500001,um,Spine,,Spine Terminal Pt Position,0,,,,1,,100000016,160700000000,
Spine Terminal Pt Position Z,0.500001,um,Spine,,Spine Terminal Pt Position,0,,,,1,,100000017,170700000000,
Spine Terminal Pt Position Z,0.500001,um,Spine,,Spine Terminal Pt Position,0,,,,1,,100000019,190700000000,
Spine Terminal Pt Position Z,0.500001,um,Spine,,Spine Terminal Pt Position,0,,,,1,,100000021,210700000000,
Spine Terminal Pt Position Z,0.500001,um,Spine,,Spine Terminal Pt Position,0,,,,1,,100000023,230700000000,
Spine Terminal Pt Position Z,0.500002,um,Spine,,Spine Terminal Pt Position,0,,,,1,,100000025,250700000000,
Spine Terminal Pt Position Z,0.500002,um,Spine,,Spine Terminal Pt Position,0,,,,1,,100000027,270700000000,
Spine Terminal Pt Position Z,0.500002,um,Spine,,Spine Terminal Pt Position,0,,,,1,,100000029,290700000000,
Spine Terminal Pt Position Z,0.500001,um,Spine,,Spine Terminal Pt Position,0,,,,1,,100000031,310700000000,
Spine Terminal Pt Position Z,0.500001,um,Spine,,Spine Terminal Pt Position,0,,,,1,,100000033,330700000000,
Spine Terminal Pt Position Z,0.500001,um,Spine,,Spine Terminal Pt Position,0,,,,1,,100000035,350700000000,
Spine Terminal Pt Position Z,0.500001,um,Spine,,Spine Terminal Pt Position,0,,,,1,,100000036,360700000000,
Spine Terminal Pt Position Z,0.500001,um,Spine,,Spine Terminal Pt Position,0,,,,1,,100000037,370700000000,
Spine Terminal Pt Position Z,0.500001,um,Spine,,Spine Terminal Pt Position,0,,,,1,,100000038,380700000000,
Spine Terminal Pt Position Z,0.500001,um,Spine,,Spine Terminal Pt Position,0,,,,1,,100000039,390700000000,
Spine Terminal Pt Position Z,0.500001,um,Spine,,Spine Terminal Pt Position,0,,,,1,,100000040,400700000000,
Spine Terminal Pt Position Z,0.500002,um,Spine,,Spine Terminal Pt Position,0,,,,1,,100000041,410700000000,
Spine Terminal Pt Position Z,0.500002,um,Spine,,Spine Terminal Pt Position,0,,,,1,,100000043,430700000000,
Spine Terminal Pt Position Z,0.500002,um,Spine,,Spine Terminal Pt Position,0,,,,1,,100000045,450700000000,
Spine Terminal Pt Position Z,0.500002,um,Spine,,Spine Terminal Pt Position,0,,,,1,,100000047,470700000000,
Spine Terminal Pt Position Z,0.500002,um,Spine,,Spine Terminal Pt Position,0,,,,1,,100000048,480700000000,
Spine Terminal Pt Position Z,0.500002,um,Spine,,Spine Terminal Pt Position,0,,,,1,,100000049,490700000000,
Spine Terminal Pt Position Z,0.500002,um,Spine,,Spine Terminal Pt Position,0,,,,1,,100000051,510700000000,
Spine Terminal Pt Position Z,0.500002,um,Spine,,Spine Terminal Pt Position,0,,,,1,,100000053,530700000000,
Spine Terminal Pt Position Z,0.500002,um,Spine,,Spine Terminal Pt Position,0,,,,1,,100000055,550700000000,
Spine Terminal Pt Position Z,0.500002,um,Spine,,Spine Terminal Pt Position,0,,,,1,,100000056,560700000000,
Spine Terminal Pt Position Z,0.500003,um,Spine,,Spine Terminal Pt Position,0,,,,1,,100000057,570700000000,
Spine Terminal Pt Position Z,0.500003,um,Spine,,Spine Terminal Pt Position,0,,,,1,,100000059,590700000000,
Spine Terminal Pt Position Z,0.500003,um,Spine,,Spine Terminal Pt Position,0,,,,1,,100000061,610700000000,
Spine Terminal Pt Position Z,0.500003,um,Spine,,Spine Terminal Pt Position,0,,,,1,,100000063,630700000000,
Spine Terminal Pt Position Z,0.500003,um,Spine,,Spine Terminal Pt Position,0,,,,1,,100000065,650700000000,
Spine Terminal Pt Position Z,0.500003,um,Spine,,Spine Terminal Pt Position,0,,,,1,,100000067,670700000000,
Spine Terminal Pt Position Z,0.500003,um,Spine,,Spine Terminal Pt Position,0,,,,1,,100000068,680700000000,
Spine Terminal Pt Position Z,0.500003,um,Spine,,Spine Terminal Pt Position,0,,,,1,,100000069,690700000000,
Spine Terminal Pt Position Z,0.500003,um,Spine,,Spine Terminal Pt Position,0,,,,1,,100000071,710700000000,
Spine Terminal Pt Position Z,0.500003,um,Spine,,Spine Terminal Pt Position,0,,,,1,,100000073,730700000000,
Spine Terminal Pt Position Z,0.500003,um,Spine,,Spine Terminal Pt Position,0,,,,1,,100000075,750700000000,
Spine Terminal Pt Position Z,0.500004,um,Spine,,Spine Terminal Pt Position,0,,,,1,,100000077,770700000000,
Spine Terminal Pt Position Z,0.500003,um,Spine,,Spine Terminal Pt Position,0,,,,1,,100000079,790700000000,
Spine Terminal Pt Position Z,0.500003,um,Spine,,Spine Terminal Pt Position,0,,,,1,,100000081,810700000000,
Spine Terminal Pt Position Z,0.500004,um,Spine,,Spine Terminal Pt Position,0,,,,1,,100000083,830700000000,
Spine Terminal Pt Position Z,0.500004,um,Spine,,Spine Terminal Pt Position,0,,,,1,,100000084,840700000000,
Spine Terminal Pt Position Z,0.500004,um,Spine,,Spine Terminal Pt Position,0,,,,1,,100000085,850700000000,
Spine Terminal Pt Position Z,0.500004,um,Spine,,Spine Terminal Pt Position,0,,,,1,,100000087,870700000000,
Spine Terminal Pt Time,0,s,Spine,,,0,,1,,1,,100000000,700000000,
Spine Terminal Pt Time,0,s,Spine,,,0,,1,,1,,100000000,700000001,
Spine Terminal Pt Time,0,s,Spine,,,0,,,,1,,100000001,10700000000,
Spine Terminal Pt Time,0,s,Spine,,,0,,,,1,,100000003,30700000000,
Spine Terminal Pt Time,0,s,Spine,,,0,,,,1,,100000005,50700000000,
Spine Terminal Pt Time,0,s,Spine,,,0,,,,1,,100000007,70700000000,
Spine Terminal Pt Time,0,s,Spine,,,0,,,,1,,100000010,100700000000,
Spine Terminal Pt Time,0,s,Spine,,,0,,,,1,,100000011,110700000000,
Spine Terminal Pt Time,0,s,Spine,,,0,,,,1,,100000012,120700000000,
Spine Terminal Pt Time,0,s,Spine,,,0,,,,1,,100000013,130700000000,
Spine Terminal Pt Time,0,s,Spine,,,0,,,,1,,100000014,140700000000,
Spine Terminal Pt Time,0,s,Spine,,,0,,,,1,,100000015,150700000000,
Spine Terminal Pt Time,0,s,Spine,,,0,,,,1,,100000016,160700000000,
Spine Terminal Pt Time,0,s,Spine,,,0,,,,1,,100000017,170700000000,
Spine Terminal Pt Time,0,s,Spine,,,0,,,,1,,100000019,190700000000,
Spine Terminal Pt Time,0,s,Spine,,,0,,,,1,,100000021,210700000000,
Spine Terminal Pt Time,0,s,Spine,,,0,,,,1,,100000023,230700000000,
Spine Terminal Pt Time,0,s,Spine,,,0,,,,1,,100000025,250700000000,
Spine Terminal Pt Time,0,s,Spine,,,0,,,,1,,100000027,270700000000,
Spine Terminal Pt Time,0,s,Spine,,,0,,,,1,,100000029,290700000000,
Spine Terminal Pt Time,0,s,Spine,,,0,,,,1,,100000031,310700000000,
Spine Terminal Pt Time,0,s,Spine,,,0,,,,1,,100000033,330700000000,
Spine Terminal Pt Time,0,s,Spine,,,0,,,,1,,100000035,350700000000,
Spine Terminal Pt Time,0,s,Spine,,,0,,,,1,,100000036,360700000000,
Spine Terminal Pt Time,0,s,Spine,,,0,,,,1,,100000037,370700000000,
Spine Terminal Pt Time,0,s,Spine,,,0,,,,1,,100000038,380700000000,
Spine Terminal Pt Time,0,s,Spine,,,0,,,,1,,100000039,390700000000,
Spine Terminal Pt Time,0,s,Spine,,,0,,,,1,,100000040,400700000000,
Spine Terminal Pt Time,0,s,Spine,,,0,,,,1,,100000041,410700000000,
Spine Terminal Pt Time,0,s,Spine,,,0,,,,1,,100000043,430700000000,
Spine Terminal Pt Time,0,s,Spine,,,0,,,,1,,100000045,450700000000,
Spine Terminal Pt Time,0,s,Spine,,,0,,,,1,,100000047,470700000000,
Spine Terminal Pt Time,0,s,Spine,,,0,,,,1,,100000048,480700000000,
Spine Terminal Pt Time,0,s,Spine,,,0,,,,1,,100000049,490700000000,
Spine Terminal Pt Time,0,s,Spine,,,0,,,,1,,100000051,510700000000,
Spine Terminal Pt Time,0,s,Spine,,,0,,,,1,,100000053,530700000000,
Spine Terminal Pt Time,0,s,Spine,,,0,,,,1,,100000055,550700000000,
Spine Terminal Pt Time,0,s,Spine,,,0,,,,1,,100000056,560700000000,
Spine Terminal Pt Time,0,s,Spine,,,0,,,,1,,100000057,570700000000,
Spine Terminal Pt Time,0,s,Spine,,,0,,,,1,,100000059,590700000000,
Spine Terminal Pt Time,0,s,Spine,,,0,,,,1,,100000061,610700000000,
Spine Terminal Pt Time,0,s,Spine,,,0,,,,1,,100000063,630700000000,
Spine Terminal Pt Time,0,s,Spine,,,0,,,,1,,100000065,650700000000,
Spine Terminal Pt Time,0,s,Spine,,,0,,,,1,,100000067,670700000000,
Spine Terminal Pt Time,0,s,Spine,,,0,,,,1,,100000068,680700000000,
Spine Terminal Pt Time,0,s,Spine,,,0,,,,1,,100000069,690700000000,
Spine Terminal Pt Time,0,s,Spine,,,0,,,,1,,100000071,710700000000,
Spine Terminal Pt Time,0,s,Spine,,,0,,,,1,,100000073,730700000000,
Spine Terminal Pt Time,0,s,Spine,,,0,,,,1,,100000075,750700000000,
Spine Terminal Pt Time,0,s,Spine,,,0,,,,1,,100000077,770700000000,
Spine Terminal Pt Time,0,s,Spine,,,0,,,,1,,100000079,790700000000,
Spine Terminal Pt Time,0,s,Spine,,,0,,,,1,,100000081,810700000000,
Spine Terminal Pt Time,0,s,Spine,,,0,,,,1,,100000083,830700000000,
Spine Terminal Pt Time,0,s,Spine,,,0,,,,1,,100000084,840700000000,
Spine Terminal Pt Time,0,s,Spine,,,0,,,,1,,100000085,850700000000,
Spine Terminal Pt Time,0,s,Spine,,,0,,,,1,,100000087,870700000000,
Spine Terminal Pt Time Index,1,,Spine,,,0,,1,,1,,100000000,700000000,
Spine Terminal Pt Time Index,1,,Spine,,,0,,1,,1,,100000000,700000001,
Spine Terminal Pt Time Index,1,,Spine,,,0,,,,1,,100000001,10700000000,
Spine Terminal Pt Time Index,1,,Spine,,,0,,,,1,,100000003,30700000000,
Spine Terminal Pt Time Index,1,,Spine,,,0,,,,1,,100000005,50700000000,
Spine Terminal Pt Time Index,1,,Spine,,,0,,,,1,,100000007,70700000000,
Spine Terminal Pt Time Index,1,,Spine,,,0,,,,1,,100000010,100700000000,
Spine Terminal Pt Time Index,1,,Spine,,,0,,,,1,,100000011,110700000000,
Spine Terminal Pt Time Index,1,,Spine,,,0,,,,1,,100000012,120700000000,
Spine Terminal Pt Time Index,1,,Spine,,,0,,,,1,,100000013,130700000000,
Spine Terminal Pt Time Index,1,,Spine,,,0,,,,1,,100000014,140700000000,
Spine Terminal Pt Time Index,1,,Spine,,,0,,,,1,,100000015,150700000000,
Spine Terminal Pt Time Index,1,,Spine,,,0,,,,1,,100000016,160700000000,
Spine Terminal Pt Time Index,1,,Spine,,,0,,,,1,,100000017,170700000000,
Spine Terminal Pt Time Index,1,,Spine,,,0,,,,1,,100000019,190700000000,
Spine Terminal Pt Time Index,1,,Spine,,,0,,,,1,,100000021,210700000000,
Spine Terminal Pt Time Index,1,,Spine,,,0,,,,1,,100000023,230700000000,
Spine Terminal Pt Time Index,1,,Spine,,,0,,,,1,,100000025,250700000000,
Spine Terminal Pt Time Index,1,,Spine,,,0,,,,1,,100000027,270700000000,
Spine Terminal Pt Time Index,1,,Spine,,,0,,,,1,,100000029,290700000000,
Spine Terminal Pt Time Index,1,,Spine,,,0,,,,1,,100000031,310700000000,
Spine Terminal Pt Time Index,1,,Spine,,,0,,,,1,,100000033,330700000000,
Spine Terminal Pt Time Index,1,,Spine,,,0,,,,1,,100000035,350700000000,
Spine Terminal Pt Time Index,1,,Spine,,,0,,,,1,,100000036,360700000000,
Spine Terminal Pt Time Index,1,,Spine,,,0,,,,1,,100000037,370700000000,
Spine Terminal Pt Time Index,1,,Spine,,,0,,,,1,,100000038,380700000000,
Spine Terminal Pt Time Index,1,,Spine,,,0,,,,1,,100000039,390700000000,
Spine Terminal Pt Time Index,1,,Spine,,,0,,,,1,,100000040,400700000000,
Spine Terminal Pt Time Index,1,,Spine,,,0,,,,1,,100000041,410700000000,
Spine Terminal Pt Time Index,1,,Spine,,,0,,,,1,,100000043,430700000000,
Spine Terminal Pt Time Index,1,,Spine,,,0,,,,1,,100000045,450700000000,
Spine Terminal Pt Time Index,1,,Spine,,,0,,,,1,,100000047,470700000000,
Spine Terminal Pt Time Index,1,,Spine,,,0,,,,1,,100000048,480700000000,
Spine Terminal Pt Time Index,1,,Spine,,,0,,,,1,,100000049,490700000000,
Spine Terminal Pt Time Index,1,,Spine,,,0,,,,1,,100000051,510700000000,
Spine Terminal Pt Time Index,1,,Spine,,,0,,,,1,,100000053,530700000000,
Spine Terminal Pt Time Index,1,,Spine,,,0,,,,1,,100000055,550700000000,
Spine Terminal Pt Time Index,1,,Spine,,,0,,,,1,,100000056,560700000000,
Spine Terminal Pt Time Index,1,,Spine,,,0,,,,1,,100000057,570700000000,
Spine Terminal Pt Time Index,1,,Spine,,,0,,,,1,,100000059,590700000000,
Spine Terminal Pt Time Index,1,,Spine,,,0,,,,1,,100000061,610700000000,
Spine Terminal Pt Time Index,1,,Spine,,,0,,,,1,,100000063,630700000000,
Spine Terminal Pt Time Index,1,,Spine,,,0,,,,1,,100000065,650700000000,
Spine Terminal Pt Time Index,1,,Spine,,,0,,,,1,,100000067,670700000000,
Spine Terminal Pt Time Index,1,,Spine,,,0,,,,1,,100000068,680700000000,
Spine Terminal Pt Time Index,1,,Spine,,,0,,,,1,,100000069,690700000000,
Spine Terminal Pt Time Index,1,,Spine,,,0,,,,1,,100000071,710700000000,
Spine Terminal Pt Time Index,1,,Spine,,,0,,,,1,,100000073,730700000000,
Spine Terminal Pt Time Index,1,,Spine,,,0,,,,1,,100000075,750700000000,
Spine Terminal Pt Time Index,1,,Spine,,,0,,,,1,,100000077,770700000000,
Spine Terminal Pt Time Index,1,,Spine,,,0,,,,1,,100000079,790700000000,
Spine Terminal Pt Time Index,1,,Spine,,,0,,,,1,,100000081,810700000000,
Spine Terminal Pt Time Index,1,,Spine,,,0,,,,1,,100000083,830700000000,
Spine Terminal Pt Time Index,1,,Spine,,,0,,,,1,,100000084,840700000000,
Spine Terminal Pt Time Index,1,,Spine,,,0,,,,1,,100000085,850700000000,
Spine Terminal Pt Time Index,1,,Spine,,,0,,,,1,,100000087,870700000000,
Spine Time,0,s,Spine,,,0,,1,,1,,100000000,700000000,
Spine Time,0,s,Spine,,,0,,1,,1,,100000000,700000001,
Spine Time,0,s,Spine,,,0,,,,1,,100000001,10700000000,
Spine Time,0,s,Spine,,,0,,,,1,,100000003,30700000000,
Spine Time,0,s,Spine,,,0,,,,1,,100000005,50700000000,
Spine Time,0,s,Spine,,,0,,,,1,,100000007,70700000000,
Spine Time,0,s,Spine,,,0,,,,1,,100000010,100700000000,
Spine Time,0,s,Spine,,,0,,,,1,,100000011,110700000000,
Spine Time,0,s,Spine,,,0,,,,1,,100000012,120700000000,
Spine Time,0,s,Spine,,,0,,,,1,,100000013,130700000000,
Spine Time,0,s,Spine,,,0,,,,1,,100000014,140700000000,
Spine Time,0,s,Spine,,,0,,,,1,,100000015,150700000000,
Spine Time,0,s,Spine,,,0,,,,1,,100000016,160700000000,
Spine Time,0,s,Spine,,,0,,,,1,,100000017,170700000000,
Spine Time,0,s,Spine,,,0,,,,1,,100000019,190700000000,
Spine Time,0,s,Spine,,,0,,,,1,,100000021,210700000000,
Spine Time,0,s,Spine,,,0,,,,1,,100000023,230700000000,
Spine Time,0,s,Spine,,,0,,,,1,,100000025,250700000000,
Spine Time,0,s,Spine,,,0,,,,1,,100000027,270700000000,
Spine Time,0,s,Spine,,,0,,,,1,,100000029,290700000000,
Spine Time,0,s,Spine,,,0,,,,1,,100000031,310700000000,
Spine Time,0,s,Spine,,,0,,,,1,,100000033,330700000000,
Spine Time,0,s,Spine,,,0,,,,1,,100000035,350700000000,
Spine Time,0,s,Spine,,,0,,,,1,,100000036,360700000000,
Spine Time,0,s,Spine,,,0,,,,1,,100000037,370700000000,
Spine Time,0,s,Spine,,,0,,,,1,,100000038,380700000000,
Spine Time,0,s,Spine,,,0,,,,1,,100000039,390700000000,
Spine Time,0,s,Spine,,,0,,,,1,,100000040,400700000000,
Spine Time,0,s,Spine,,,0,,,,1,,100000041,410700000000,
Spine Time,0,s,Spine,,,0,,,,1,,100000043,430700000000,
Spine Time,0,s,Spine,,,0,,,,1,,100000045,450700000000,
Spine Time,0,s,Spine,,,0,,,,1,,100000047,470700000000,
Spine Time,0,s,Spine,,,0,,,,1,,100000048,480700000000,
Spine Time,0,s,Spine,,,0,,,,1,,100000049,490700000000,
Spine Time,0,s,Spine,,,0,,,,1,,100000051,510700000000,
Spine Time,0,s,Spine,,,0,,,,1,,100000053,530700000000,
Spine Time,0,s,Spine,,,0,,,,1,,100000055,550700000000,
Spine Time,0,s,Spine,,,0,,,,1,,100000056,560700000000,
Spine Time,0,s,Spine,,,0,,,,1,,100000057,570700000000,
Spine Time,0,s,Spine,,,0,,,,1,,100000059,590700000000,
Spine Time,0,s,Spine,,,0,,,,1,,100000061,610700000000,
Spine Time,0,s,Spine,,,0,,,,1,,100000063,630700000000,
Spine Time,0,s,Spine,,,0,,,,1,,100000065,650700000000,
Spine Time,0,s,Spine,,,0,,,,1,,100000067,670700000000,
Spine Time,0,s,Spine,,,0,,,,1,,100000068,680700000000,
Spine Time,0,s,Spine,,,0,,,,1,,100000069,690700000000,
Spine Time,0,s,Spine,,,0,,,,1,,100000071,710700000000,
Spine Time,0,s,Spine,,,0,,,,1,,100000073,730700000000,
Spine Time,0,s,Spine,,,0,,,,1,,100000075,750700000000,
Spine Time,0,s,Spine,,,0,,,,1,,100000077,770700000000,
Spine Time,0,s,Spine,,,0,,,,1,,100000079,790700000000,
Spine Time,0,s,Spine,,,0,,,,1,,100000081,810700000000,
Spine Time,0,s,Spine,,,0,,,,1,,100000083,830700000000,
Spine Time,0,s,Spine,,,0,,,,1,,100000084,840700000000,
Spine Time,0,s,Spine,,,0,,,,1,,100000085,850700000000,
Spine Time,0,s,Spine,,,0,,,,1,,100000087,870700000000,
Spine Time Index,1,,Spine,,,0,,1,,1,,100000000,700000000,
Spine Time Index,1,,Spine,,,0,,1,,1,,100000000,700000001,
Spine Time Index,1,,Spine,,,0,,,,1,,100000001,10700000000,
Spine Time Index,1,,Spine,,,0,,,,1,,100000003,30700000000,
Spine Time Index,1,,Spine,,,0,,,,1,,100000005,50700000000,
Spine Time Index,1,,Spine,,,0,,,,1,,100000007,70700000000,
Spine Time Index,1,,Spine,,,0,,,,1,,100000010,100700000000,
Spine Time Index,1,,Spine,,,0,,,,1,,100000011,110700000000,
Spine Time Index,1,,Spine,,,0,,,,1,,100000012,120700000000,
Spine Time Index,1,,Spine,,,0,,,,1,,100000013,130700000000,
Spine Time Index,1,,Spine,,,0,,,,1,,100000014,140700000000,
Spine Time Index,1,,Spine,,,0,,,,1,,100000015,150700000000,
Spine Time Index,1,,Spine,,,0,,,,1,,100000016,160700000000,
Spine Time Index,1,,Spine,,,0,,,,1,,100000017,170700000000,
Spine Time Index,1,,Spine,,,0,,,,1,,100000019,190700000000,
Spine Time Index,1,,Spine,,,0,,,,1,,100000021,210700000000,
Spine Time Index,1,,Spine,,,0,,,,1,,100000023,230700000000,
Spine Time Index,1,,Spine,,,0,,,,1,,100000025,250700000000,
Spine Time Index,1,,Spine,,,0,,,,1,,100000027,270700000000,
Spine Time Index,1,,Spine,,,0,,,,1,,100000029,290700000000,
Spine Time Index,1,,Spine,,,0,,,,1,,100000031,310700000000,
Spine Time Index,1,,Spine,,,0,,,,1,,100000033,330700000000,
Spine Time Index,1,,Spine,,,0,,,,1,,100000035,350700000000,
Spine Time Index,1,,Spine,,,0,,,,1,,100000036,360700000000,
Spine Time Index,1,,Spine,,,0,,,,1,,100000037,370700000000,
Spine Time Index,1,,Spine,,,0,,,,1,,100000038,380700000000,
Spine Time Index,1,,Spine,,,0,,,,1,,100000039,390700000000,
Spine Time Index,1,,Spine,,,0,,,,1,,100000040,400700000000,
Spine Time Index,1,,Spine,,,0,,,,1,,100000041,410700000000,
Spine Time Index,1,,Spine,,,0,,,,1,,100000043,430700000000,
Spine Time Index,1,,Spine,,,0,,,,1,,100000045,450700000000,
Spine Time Index,1,,Spine,,,0,,,,1,,100000047,470700000000,
Spine Time Index,1,,Spine,,,0,,,,1,,100000048,480700000000,
Spine Time Index,1,,Spine,,,0,,,,1,,100000049,490700000000,
Spine Time Index,1,,Spine,,,0,,,,1,,100000051,510700000000,
Spine Time Index,1,,Spine,,,0,,,,1,,100000053,530700000000,
Spine Time Index,1,,Spine,,,0,,,,1,,100000055,550700000000,
Spine Time Index,1,,Spine,,,0,,,,1,,100000056,560700000000,
Spine Time Index,1,,Spine,,,0,,,,1,,100000057,570700000000,
Spine Time Index,1,,Spine,,,0,,,,1,,100000059,590700000000,
Spine Time Index,1,,Spine,,,0,,,,1,,100000061,610700000000,
Spine Time Index,1,,Spine,,,0,,,,1,,100000063,630700000000,
Spine Time Index,1,,Spine,,,0,,,,1,,100000065,650700000000,
Spine Time Index,1,,Spine,,,0,,,,1,,100000067,670700000000,
Spine Time Index,1,,Spine,,,0,,,,1,,100000068,680700000000,
Spine Time Index,1,,Spine,,,0,,,,1,,100000069,690700000000,
Spine Time Index,1,,Spine,,,0,,,,1,,100000071,710700000000,
Spine Time Index,1,,Spine,,,0,,,,1,,100000073,730700000000,
Spine Time Index,1,,Spine,,,0,,,,1,,100000075,750700000000,
Spine Time Index,1,,Spine,,,0,,,,1,,100000077,770700000000,
Spine Time Index,1,,Spine,,,0,,,,1,,100000079,790700000000,
Spine Time Index,1,,Spine,,,0,,,,1,,100000081,810700000000,
Spine Time Index,1,,Spine,,,0,,,,1,,100000083,830700000000,
Spine Time Index,1,,Spine,,,0,,,,1,,100000084,840700000000,
Spine Time Index,1,,Spine,,,0,,,,1,,100000085,850700000000,
Spine Time Index,1,,Spine,,,0,,,,1,,100000087,870700000000,
Spine Volume,0.347074,um^3,Spine,,,0,,1,,1,,100000000,700000000,
Spine Volume,1.40183,um^3,Spine,,,0,,1,,1,,100000000,700000001,
Spine Volume,0.0771498,um^3,Spine,,,0,,,,1,,100000001,10700000000,
Spine Volume,0.0413756,um^3,Spine,,,0,,,,1,,100000003,30700000000,
Spine Volume,0.042486,um^3,Spine,,,0,,,,1,,100000005,50700000000,
Spine Volume,0.106453,um^3,Spine,,,0,,,,1,,100000007,70700000000,
Spine Volume,0.139271,um^3,Spine,,,0,,,,1,,100000010,100700000000,
Spine Volume,0.0544131,um^3,Spine,,,0,,,,1,,100000011,110700000000,
Spine Volume,0.430241,um^3,Spine,,,0,,,,1,,100000012,120700000000,
Spine Volume,0.354154,um^3,Spine,,,0,,,,1,,100000013,130700000000,
Spine Volume,0.348714,um^3,Spine,,,0,,,,1,,100000014,140700000000,
Spine Volume,0.812559,um^3,Spine,,,0,,,,1,,100000015,150700000000,
Spine Volume,0.364112,um^3,Spine,,,0,,,,1,,100000016,160700000000,
Spine Volume,0.814466,um^3,Spine,,,0,,,,1,,100000017,170700000000,
Spine Volume,0.725225,um^3,Spine,,,0,,,,1,,100000019,190700000000,
Spine Volume,0.0533539,um^3,Spine,,,0,,,,1,,100000021,210700000000,
Spine Volume,0.0483729,um^3,Spine,,,0,,,,1,,100000023,230700000000,
Spine Volume,0.0990576,um^3,Spine,,,0,,,,1,,100000025,250700000000,
Spine Volume,0.0510141,um^3,Spine,,,0,,,,1,,100000027,270700000000,
Spine Volume,0.098333,um^3,Spine,,,0,,,,1,,100000029,290700000000,
Spine Volume,0.138162,um^3,Spine,,,0,,,,1,,100000031,310700000000,
Spine Volume,0.20297,um^3,Spine,,,0,,,,1,,100000033,330700000000,
Spine Volume,0.140516,um^3,Spine,,,0,,,,1,,100000035,350700000000,
Spine Volume,0.0505106,um^3,Spine,,,0,,,,1,,100000036,360700000000,
Spine Volume,0.153203,um^3,Spine,,,0,,,,1,,100000037,370700000000,
Spine Volume,0.0491086,um^3,Spine,,,0,,,,1,,100000038,380700000000,
Spine Volume,0.15556,um^3,Spine,,,0,,,,1,,100000039,390700000000,
Spine Volume,0.104798,um^3,Spine,,,0,,,,1,,100000040,400700000000,
Spine Volume,0.0482859,um^3,Spine,,,0,,,,1,,100000041,410700000000,
Spine Volume,0.0518324,um^3,Spine,,,0,,,,1,,100000043,430700000000,
Spine Volume,0.046516,um^3,Spine,,,0,,,,1,,100000045,450700000000,
Spine Volume,0.151333,um^3,Spine,,,0,,,,1,,100000047,470700000000,
Spine Volume,0.0474021,um^3,Spine,,,0,,,,1,,100000048,480700000000,
Spine Volume,0.0697414,um^3,Spine,,,0,,,,1,,100000049,490700000000,
Spine Volume,0.051976,um^3,Spine,,,0,,,,1,,100000051,510700000000,
Spine Volume,0.0488513,um^3,Spine,,,0,,,,1,,100000053,530700000000,
Spine Volume,0.267594,um^3,Spine,,,0,,,,1,,100000055,550700000000,
Spine Volume,0.048586,um^3,Spine,,,0,,,,1,,100000056,560700000000,
Spine Volume,0.0993007,um^3,Spine,,,0,,,,1,,100000057,570700000000,
Spine Volume,0.108482,um^3,Spine,,,0,,,,1,,100000059,590700000000,
Spine Volume,0.0990627,um^3,Spine,,,0,,,,1,,100000061,610700000000,
Spine Volume,0.100594,um^3,Spine,,,0,,,,1,,100000063,630700000000,
Spine Volume,0.0994103,um^3,Spine,,,0,,,,1,,100000065,650700000000,
Spine Volume,0.093152,um^3,Spine,,,0,,,,1,,100000067,670700000000,
Spine Volume,0.0497882,um^3,Spine,,,0,,,,1,,100000068,680700000000,
Spine Volume,0.0887984,um^3,Spine,,,0,,,,1,,100000069,690700000000,
Spine Volume,0.102397,um^3,Spine,,,0,,,,1,,100000071,710700000000,
Spine Volume,0.0470949,um^3,Spine,,,0,,,,1,,100000073,730700000000,
Spine Volume,0.0480447,um^3,Spine,,,0,,,,1,,100000075,750700000000,
Spine Volume,0.0537897,um^3,Spine,,,0,,,,1,,100000077,770700000000,
Spine Volume,0.148733,um^3,Spine,,,0,,,,1,,100000079,790700000000,
Spine Volume,0.0492137,um^3,Spine,,,0,,,,1,,100000081,810700000000,
Spine Volume,0.104617,um^3,Spine,,,0,,,,1,,100000083,830700000000,
Spine Volume,0.0543414,um^3,Spine,,,0,,,,1,,100000084,840700000000,
Spine Volume,0.0555171,um^3,Spine,,,0,,,,1,,100000085,850700000000,
Spine Volume,0.0523425,um^3,Spine,,,0,,,,1,,100000087,870700000000,
